0.9849585153937515
0.2809137711514047
-2.506129556929861
1.8470569897453986
-0.9038207172404868
-1.2178013241851646
0.09447257691191191
-1.934841147502088
-0.36677156017584256
-2.087188614755272
-3.590339972803923
-12.488251714675288
-10.235815738587311
-2.570738600294436
-2.5491767937322454
-6.28308277968387
-10.10705524247315
-1.6771098336410328
-2.2148442166102913
-4.63926553757757
1.0
5.419458472374376
-0.595705488354866
1.3160887822566942
2.6300263465584863
-0.37938318579315733
0.20958853172247593
-1.0707589358729108
3.2983822700575676
0.6446563216832855
0.028875319334660476
1.47536076586589
-6.321020949307739
6.117232559426479
7.620233392333401
-4.457892943335096
-0.13449509771251722
-6.048979637436123
-8.563170873482376
-2.559240535764011
-1.588017240368994
1.0
4.6632345941246065
-7.870773570937075
2.762189049785489
1.5823326594476081
0.1429201921586083
-0.17210208226781654
6.3314542576285255
1.8104797641723578
-0.2071587891945148
0.22581643185809153
-1.1371188520772084
0.12950122762529903
4.971958121567498
-6.226157908352038
-10.143249007661401
-0.35684034905936446
3.5544784229453876
7.654940630376432
2.0792655810431575
1.6354452761738105
1.0
1.6633879010592467
0.5884006639893347
2.852719716019482
-0.40536039413415204
1.7393544885573395
-4.765212347658302
-2.2386517529388703
3.6954187981936375
-0.2784236178813221
-3.2337619570390324
1.357695184186506
5.077300235708912
-5.8191507068765
2.5825213985302904
2.082990664501887
-2.7244924653435447
4.199962539217591
-1.669340679239353
1.8999193205559874
-8.249093740898324
1.0
-0.7568797678857268
1.1731873174389265
-2.4911455257094337
5.706087255454642
-1.2983553951511402
0.1743890230657359
-1.8292310885687275
-1.702680757539903
3.9731357680544384
-0.6968137092836368
-1.417550188854467
-1.5385497085178632
-2.1236998964431626
-0.35689016440088295
-6.553462760286821
4.869954753648705
2.3656130611622803
-4.312362609670672
7.120494968041756
-3.349542926651155
1.0
1.6766069060091893
0.6635318090920419
3.004252494090593
-0.24845138304381353
-0.01682056104208851
-1.8592180085470809
-0.4836276882753704
2.2087827164236593
-0.1464217326621362
-0.18450625328865444
-1.901487808774216
-4.209407434736061
-0.4702547862371572
-7.04345533241678
10.512142215697022
2.1563659091106997
-4.539061811933474
3.0361627920575858
-2.5606489909873007
-3.5571398890983614
1.0
1.0518126751406662
-2.2216171037490633
1.9231403717780111
-0.7132721121936119
-0.4676101005390332
-3.7921710574627054
4.937778433905607
1.258389633725488
-1.469421307966542
-1.9888235874967903
1.1058293092632816
2.4270644567747945
6.484646548879408
-8.776800260145446
5.270788652740802
-1.871403367746648
0.13002519795005485
-10.585938645290451
1.8351135431787342
1.5439457310779787
1.0
0.9281526356918381
0.43050663814691703
1.8659946793258897
0.326473720904769
-2.0318278026573457
0.6429609289112005
-0.36837444289730015
2.3853538398786087
-2.049544969840383
2.371927807805911
0.011735284147803338
5.213705247253934
-7.311505863961521
3.463487315199469
-3.273978434414838
1.4523208814377202
-3.0648068035929237
0.004547770921298434
-3.6400917034823257
7.186944413432112
1.0
-0.9169528316112201
1.4004744248065863
0.8376318978075006
2.4048498438686403
1.2282506269923434
0.9411660006728629
1.2670552576309144
-0.9081803254672955
-0.009272796632602498
1.308222966333837
-5.610989107442171
2.175321401338393
7.960988910531558
-0.4130923058543797
-0.05516072031326569
-2.8404208738734464
-0.9510677239990897
2.682967925465971
-7.7320286212275855
-7.945919821551203
1.0
-0.4253116004457963
2.9648696641725456
-1.3010824865070867
-2.4754361334502972
-0.2685150492090502
2.505811502399963
-1.1615654908787452
-0.7103682728337253
-0.9260328473286166
1.7195134032920076
1.9549627402766518
-2.9924690208870106
-4.6845439632553
2.2261110812503997
-3.074619581686518
-2.684045440758421
7.712552489522209
1.0082516922313065
-4.057018322005767
5.337844141211262
0.9650872484161191
-1.3384310351983042
-3.747379985163664
0.5773237420952873
4.90564497088845
0.11589865090013884
-0.309692253028384
-1.3495688869369808
-0.7094515088619479
-0.9581718489294038
-3.4186974106543837
5.557260180282183
0.62900789217935
-5.527059252512553
2.121484332789774
3.038246655561103
-3.1215488558539515
-7.483395627308383
-2.8089959749773876
-0.2615624702002738
0.5293624657150784
1.853629424260953
0.6682317070927999
-0.08451071401357624
-0.6233208948931779
1.6244373144378448
-2.836705198523489
-2.619085637903412
1.340029450836474
-2.333033318658643
0.9910120944986225
1.4869977146340831
-2.415244603549729
2.031331023743614
1.1974258088297145
-2.1878736585295293
1.9451532294564091
1.440018829339892
-2.05455119958972
0.5573943944509355
3.2501548715341437
-3.981539037046989
2.6791009724472907
-2.917989830444161
-1.1780801443201865
-0.8070001493784467
-5.06963540715987
-3.5874324590379034
2.187586646672974
-3.3645792029426325
0.006580104090877281
0.6069724159212744
-0.8700768498858817
-0.5805417309296167
-1.4245898455752084
-1.8576940698636422
-0.39525359254016434
-2.8974851339190733
4.421318076846119
-0.9309319444913354
-0.237069191075301
1.698739501553359
-3.9639773619009824
0.2582959364611691
0.45408065072737525
2.8968997577067865
-1.637193985945619
1.2195918825212257
1.4463504589094462
0.8242550986424924
0.9229524295953497
0.11139526806041888
3.8428293032352423
1.062549865741768
-2.0613407906682735
-1.0428313696310245
1.2239438337558828
-1.0693796825912256
-1.1507214912079051
-0.1168295195771818
0.12940315806862324
-1.1231444601817506
-0.88040202548732
2.2898134117391313
-2.176050987342259
-0.4741152918854076
0.24872198092497344
-1.4714470881774755
0.5006033717155813
0.06728350012147888
-0.8804634332401455
-0.6320281727511772
-0.9993650077290023
-0.5768691721701125
3.785220577373678
-2.2132500805953397
3.738459544017758
-0.535181990009253
-1.9162555049399514
-0.5550064292829938
4.117239607206969
2.118881782821232
-2.3154034721148307
0.6690851769876286
3.9278096251866073
1.1807361800822496
-1.4320878186020989
0.9068015917328334
-0.2297226825889569
2.79707545132766
2.320316322766479
-1.3615859310015266
-2.859692840663235
0.8795226234195671
-0.42560571302316763
-2.99935927118912
1.031021045545572
0.5575066066374513
3.176410907408935
1.0254952458118072
5.559895273292982
-2.6279706887356653
2.3864750880526784
1.3935520536610377
-0.8454670114342901
-3.880278720169768
1.0145391710289278
-0.2595615057255991
0.348529855564922
-0.2248502748641611
0.49514703524947
-1.0807829844437764
-5.7346646020145435
-1.481613891670541
0.5487268901154682
2.6871837833723236
-0.2927762423875604
-1.005283645356169
-0.22530494699131187
-0.9407104621140906
2.122937280822936
-0.8308227363033038
1.948361192284543
-0.5457021613891728
-3.4695832708929695
3.500123148549466
2.616447248714759
-1.4534478652456562
0.6507019259995083
-2.156830879960915
-3.5571421994548293
1.4177597411366658
0.10661076105967038
-2.289935093026333
3.4095697087860914
2.161604687077893
1.0808891135257153
-1.8476388215324027
-0.27132782729973526
-1.342235971081754
1.932378786248115
3.043405624658404
0.2604204637152131
-0.06198324955749146
-3.9818998095130342
3.8536891298394993
-1.96571136756536
-1.2073087445846498
3.05114895207086
-4.855019970204641
0.7729388528071871
0.9825307161617397
-1.390418934926785
0.19000638470853515
0.5460638790598034
-0.840332268426048
-0.7324427257586976
1.810390906032414
4.220693228956394
-3.181912395822345
0.07380877302571143
0.07701511640588066
-2.3885676402583083
-1.619342157262172
-1.6515858871764149
0.11562296403249517
-0.34085403915286294
0.5205662071375478
-5.265412710822162
-1.9613240175659075
0.6080438353528567
0.3514786336727783
1.991456298679668
-0.6861659505998448
1.0938177362908366
-0.9677838854769725
