0.6393207455128882
0.4107777304556042
-2.2161327989337374
1.3291432510635797
-0.6648692247956092
-1.6363623019847404
0.09254621964029752
-1.4284064067204019
-0.18334533972927836
-1.718236107634977
-3.3237686622118776
-10
-7.626340154493041
-2.6916609297537533
-1.9398528738086944
-5.539639911823855
-7.650911945207447
-2.0658247219386747
-1.4987285967175539
-3.3629102137321683
1.0
5.443846560863355
-1.0360164403025527
0.671476455907702
2.0469531642630137
-0.3940781996551612
0.24192580818668197
-1.0850931112987006
1.9306922000161457
1.1180655866463172
1.1331807928592965
1.228763981225161
-4.823209873731981
5.15604329219749
6.4457636449768
-2.8714894481347026
0.059053290342308884
-3.9645216099763023
-6.3258049733186645
-2.2046918220246554
-1.7993788592364446
1.0
4.684204314413975
-6.4940743854989
2.1677788924070027
1.061374483988112
0.09553525746313696
0.3154471285441385
4.933799768989342
0.817701676068334
-0.3240955499738829
0.7605338781916351
-0.5307520941869607
0.24342962293473625
3.70538958979607
-5.087817044673946
-7.980579799824341
-0.4348676432830737
3.2979565320268427
6.692893513550532
1.0386062991612244
1.1639007295294237
1.0
1.7188760394176472
0.5746880216274497
1.9749928046975502
-0.6949240590057192
1.0780229369638037
-4.020475004741973
-1.9239670053005473
2.6819092373462463
-0.08826277210235267
-2.2497467117155705
1.1131569224444449
3.4828784646187345
-4.097218454358595
2.3063232232474142
1.335799418480537
-2.321489770639846
3.9912983231443233
-0.7403783691278557
0.8258741142108564
-6.994096413472285
1.0
-0.6743919169477478
0.8018746288086778
-1.7819124162310582
4.292722668373178
-1.3149529266489375
-0.31785144428362266
-1.4802682693762832
-1.7406294585985407
3.0386033448027656
-0.1679197921908715
-0.9833573959160578
-1.0707999672559052
-1.1208499634928057
0.20988340857955057
-5.373183322373108
4.250708157918446
1.0992880282369368
-3.553740709357471
4.793233208754712
-3.1494731938619673
1.0
1.226414343421336
0.2892643323753643
2.1777425397872032
-0.4395795913017926
-0.05925736863020281
-1.4529007876204534
-0.6524000382673617
1.6226791933998346
-0.24033095129824855
0.02000050861618352
-1.3793054039621055
-3.238795559691543
-0.35404182466793965
-5.422095385235429
8.270782786540389
2.166034818137602
-3.239725395024814
2.6837281639678277
-2.1331444711182983
-2.0115599747359774
1.0
1.2022800122272068
-2.139216732612957
1.5885082084107733
-0.6733985652495149
-0.10033952085772735
-2.933801407539426
4.148814812477639
1.1203240478420147
-1.086778710948424
-1.664462773631736
0.6564203959389644
2.436245700874506
4.640315483080171
-5.9868205250979285
4.291998991534844
-1.7615404433700288
0.23116473721171804
-8.17783096135619
1.6310207398184224
1.0847224877508062
1.0
0.7816757400027532
0.38517333961309974
1.5021971662691547
0.5387512345336414
-2.243611776965695
0.49533997112636186
-0.5239819125624423
1.3461124917941358
-1.7588203870757493
2.3119284240105804
0.0666969688276362
4.099613244354212
-5.749545262215534
2.48603864133482
-2.128930119250849
1.4532570673991123
-3.8275239838809805
0.08654609308689798
-1.2768378769978224
5.113207483543119
1.0
-0.7474083425866556
1.1089856566970873
0.7178307080722981
1.5964056057153722
1.3073636954122994
0.7542849774012285
1.2875809797001456
-0.9936337250251399
-0.4791328372506556
1.1336803333959407
-4.391510665730702
2.0064267943980867
5.449905194256493
-0.008125137206056121
0.26802358114831637
-1.728000426550322
-1.3352257512589185
2.371151168678708
-5.240893535140531
-6.114008428757273
1.0
0.016286971292542307
2.6257356725125236
-1.0206276763025866
-1.562116680481057
0.04994733280194752
2.0300638418257573
-0.719625745836909
-0.25152603294784925
-0.8988672779353384
1.2922289042377653
1.4570106184411142
-1.6290446526144846
-3.782889431605214
1.9135737973626483
-2.6363560591599744
-2.3754896301640915
5.461741498864077
-0.12774011835376753
-3.1244278089166304
4.508994983782917
0.8208589227523492
-1.137867491118647
-2.883794822878809
0.4520344899125397
4.088547439025131
0.18440550742662343
0.07867508278801905
-1.1310897314615214
-0.38259964712474936
-1.1679077191639158
-2.911587313900162
4.206704198721431
1.2617638981029016
-4.309719958227639
0.9484862182453084
2.7120059169440722
-1.5842076081057703
-5.9658129145301695
-2.3497926092372907
0.02243337507494625
0.7332441153031453
1.240496932013222
0.7521438313390991
0.197081855386115
-0.47313735515614685
1.0931299793587883
-1.8902747403374462
-1.6319189396826979
1.0830198203913866
-2.2486887471537873
0.7954142881198614
1.245499346113196
-1.5121022240332036
1.8624916373321514
0.9362210948707244
-1.8016363705928706
1.5872530915143126
1.4592617496366778
-1.7859326046271706
0.10328084338334909
2.2687794506419556
-2.6973695648669396
2.0068889354300095
-2.0325151636981995
-0.4624746965833586
-0.7491897142040864
-3.878878669358064
-2.8402136139740546
2.155604800209476
-2.0653341069264903
-0.1762093951840662
0.20308331824364
-1.2379904338912788
-0.20954640499660104
-0.8949403956884763
-1.3372184846781385
0.03425147678965201
-2.3262538798824166
3.4325490971234847
-0.5147297477927569
-0.32585563127940376
1.704626265050857
-2.3733019232849095
0.08403576380205047
0.45445456837769005
2.781720228267715
-1.411128214825426
0.9245937437364181
1.181210135063166
-0.0790130148500412
0.7627569235217759
-0.05759922946804963
2.7635637141522125
0.8863072899763953
-1.8410468104266537
-1.0894209973229088
0.8513082639044013
-0.7777076672435098
-1.5683105877160637
0.295443189301543
-0.20680530273633102
-0.7145419002912199
-0.707869725589738
1.8943044360397852
-1.5195902117506985
-0.39454763062222187
0.2591290945888751
-1.358500425137128
0.28539377636970364
0.1137135938391376
-0.7126179667077219
-0.5345489144789288
-0.5033252554665796
-0.1964437535352459
3.0156263955528027
-1.8049343389198207
2.718556740696056
-0.6812050624540761
-1.7430450527996748
-0.2599181566547416
3.149445522583582
1.4938009716357805
-2.044221862449032
0.7779029260436513
3.0917225498980723
0.8763889085496097
-0.813375662222252
1.315445323663447
-0.21462102357953694
2.2284265476488567
1.9208863878410853
-1.28041404235685
-2.321647685447627
0.6660769296894317
-0.655247684364733
-2.4472524307656145
1.4130670585766174
0.08549227178472962
2.472372391381086
0.6914969056378051
4.375793943202222
-2.4127846705633362
1.982049643263877
1.0060243575634984
-0.895955412173636
-3.48170780788906
0.8302394252157398
-0.3289230511862935
0.41704498531101597
-0.20617525386440783
0.6952174793523045
-1.1673614847933198
-5.153590551875409
-1.4016638323705086
0.3372581482111877
2.133034203877173
-0.2588689865102136
-0.7475576878869955
0.08497432900813029
-0.8356506816006682
1.5007652244543555
-0.15138498902533715
1.7451875408093904
-0.5859859286701359
-2.5652575229641568
2.5963938659949677
2.0614405747249247
-1.4804498274757005
0.6147226299604901
-1.315014099640417
-2.973951724539987
1.2594740383036438
0.18262734803823155
-1.9931311855999647
2.81656343524248
1.971374293299619
0.726169038016447
-1.3171932990905724
-0.43946640684032956
-0.896262483051677
1.2358976402361637
1.6017867332731002
0.17351501345824427
-0.23221924215451462
-3.101031498512524
3.6557019666684583
-1.4264649269827407
-0.6749210380938164
2.7654229447299428
-4.053142215255086
0.895863496630123
0.9539171353049499
-1.0439750611234202
0.6973724683208558
0.730837984249076
-0.6557791771057871
-0.9071763923119094
1.6442351845799594
2.974920783994514
-2.357496283398696
0.11786462978494561
0.07380672378832653
-1.9162019811178679
-0.8173047828179132
-1.4189713518593265
0.042780206664864706
-0.32804290927647406
0.6464886151466748
-4.179743737232473
-1.4365454830085889
0.6263057148114931
0.3867231351962853
1.177759435458865
-0.8801556659404981
1.1657437771731063
-0.8933497447169179
