-0.4576213105450331
-0.9188505367634445
-1.8424722971844307
0.8718517732604809
-2.3992355672440726
-0.6369146513900694
4.052961601666298
-3.0921589379207477
3.6254036103604372
-2.152612375383006
-0.777725039768009
0.6843141582911513
-3.821350303761536
-1.4847995516186854
-1.412724934316825
-8.658183461327184
-5.693720867053557
-1.5344269533304824
-9.780429088993445
-9.236644926395996
-3.4463760206126706
1.0
9.18660592985984
1.2577439897616123
-4.7141047226489246
-1.9931628542921076
2.2992231698500554
-0.009556531066246432
2.2481427757128394
-0.059581422217323765
-1.9216801502327474
-1.0924771561947835
0.28631609157367
-2.044744746876453
-3.6011541241670266
-2.760768368317958
-4.5813223986022145
2.1026018383776828
-2.593210372900254
-5.800670988501783
5.769545217840535
-1.686774482330143
1.1448591337190102
1.0
1.957345186842935
-1.2775811883672388
-6.606828005654002
3.8778286111923963
-2.6548111161028967
-1.7280890868155503
-3.040643366766462
-0.07967438341865374
0.47072853601356
-1.2653575284436325
-1.373175729738011
-1.6136795026203457
-4.169607803805191
10.656912912465517
7.2779838858484345
-7.2337563806183915
-0.15378322087730745
-4.870206002215925
-9.883259907068835
-4.985676848671692
-3.246885838990145
1.0
0.3067840411939562
-0.750521769027161
0.7067264291332768
2.3818429999595665
3.987961159395195
-1.7447192137899215
0.8703446689033806
0.2455096428629555
-0.9528703147418668
0.42358916739923647
3.470013526754502
2.406898276129917
3.210981011516682
5.35399404960945
-10.755794253189663
-1.8682909539914674
1.383363689932962
2.6987441776122347
1.789981696986929
0.19912025990993865
-1.7644063556648137
1.0
1.9582886865954423
2.0040109078797106
0.8740323271039571
-1.2074689738441258
0.06294125085223812
1.9779302813706463
6.10137423791373
-4.768190424823425
0.9852580531640297
2.644324241860382
2.743644500072169
2.0520935783368035
2.0860162002318257
-8.56736224650637
2.8123427761621356
-3.762412452486165
1.6710529313602895
0.5898749648517041
-4.465599513280443
5.925002475301481
1.5627703402619266
1.0
-0.4198902110297198
-0.32103268747965685
-2.8386105351284634
-1.2273037007574463
0.6881067167681836
-1.7838625379689785
0.2023270566156944
2.629174545217066
-1.709761850098527
-0.41017397307611625
-1.0917377069344738
2.436119158063972
1.3406402990470436
-2.0025572696258886
2.047227243042543
11.930191597201064
-2.533320833197137
-5.918582666632828
-5.695502363399664
-3.3741031047196524
-3.8646266546793107
1.0
1.0434066657944716
-3.590899076017501
0.9352317358653365
2.7515490230069104
0.4924085945153972
-0.770967767021657
-4.160857131847933
1.1865960497790051
2.5697360930645585
1.3366394662931895
0.13562095072400382
-0.5845532041181628
-2.915806754615884
2.325984440798715
6.326788944311798
-3.66669433257568
3.0020243212529456
0.8612993822440946
6.284918617350913
-7.035801251873686
-5.540262467129445
1.0
0.11391556855456653
0.7198781034327167
-0.8321251372370333
0.2021479396222161
-0.6352143027058262
-0.24581238444271447
-2.4170117294030375
1.9362274675805171
-1.5942628993051333
1.9390027922477815
-2.778844753865278
0.3035847925142032
1.4275369700962155
-4.837870871769342
-2.795190582333217
-0.49745430824935344
1.039677743229745
-6.465062618303445
-2.1015568449972406
-6.998743222824029
7.249216123201283
1.0
1.9964497185968524
-0.19285609799035064
1.8658969649376504
-0.772353027290303
-0.8287120469756585
-0.8112446225156407
-0.4868987306957324
-4.639947290927735
0.2105242243343125
4.926605387485321
-2.6637908733858366
-1.009461992260299
-3.8230848887137476
-2.548448265603297
-2.2128057651480337
9.414461848041318
3.0583689819937705
-5.2966650344915545
-5.2557229358080635
6.49113537383088
-5.375633508641876
1.0
0.7168246862388754
-0.4046841437473683
4.320754200079504
-1.1784637870884724
-2.3316384572459725
-0.7588361529247531
-0.7179036506639128
0.7402710553758562
-0.7529304513803005
4.2967965730319
-3.5919724408711904
0.9587120961299502
-6.79833506725287
-7.224107609502409
-6.294955120621537
3.444455492210815
-4.280012132427486
3.146027040884724
3.068114380737707
3.313036106098699
0.5196781312013914
-0.046968180441841034
-2.962521268566033
1.1604764118305377
-0.5857321981737642
1.3906551350445364
-1.2285024007122134
0.398040300956339
-1.599827736266226
3.110121797771722
4.914193368260686
0.6116161619919582
2.7225974955809606
9.595870775516435
0.1501415730179254
1.3275583668711133
0.8684167623259466
-2.423730614487349
-8.181509518163061
2.871098563064347
-1.9269708603772062
-5.81957084428662
1.7294296206602644
2.473379381902575
3.116482939344238
0.9374636155365661
-0.5332749128675791
0.6663838435196503
2.171626218993438
-1.0779961778881026
1.0055706571327756
4.25333792372992
2.465425830664759
1.7423308641811388
-6.046186608358876
1.8336917133306234
2.277484022200446
-5.902486778544176
-1.9776488650383934
-2.7147876570248823
2.244322262925527
6.173561619226243
3.0833003104677745
2.1320524458343377
0.2836940567464653
-3.277391736533435
1.9375693633736177
-0.2759852711558861
-1.2579111749027636
1.1834252317543954
-3.424287952727835
-1.069194120679984
1.2737390189704645
-2.791368433581553
-1.5482172943311068
1.5347276262189138
-2.08714723507844
-1.1098081386718555
-0.9794784493216215
-2.44127964266647
0.6131036752070975
-4.238214354505333
0.605736952527794
-6.30156795826572
0.9536184760713347
3.9040870388382363
-0.7200338098915087
0.477974592950826
1.4254813432344755
0.019204507394993575
2.0394169293245645
-2.0656468129956904
2.2930650656158083
0.9207020020050986
-1.439629466168517
3.239814009568246
0.4627754122448753
1.722845715369008
-1.1411654078584468
0.49918020232084204
-1.3232718135337693
1.502503498275665
-2.6163375999934604
2.060452111441914
2.5795560015551224
3.291681488781488
-1.96992940920833
-1.9530839667792466
-1.3726630460639238
-1.0519823824458208
-0.8919160416079561
0.4163502149560999
0.38351828185122494
1.7657995442389127
1.868630455299378
-1.1671852749226495
1.196753915286617
1.3816074805737577
-0.23621054811015096
-1.5249026080861612
1.1181317808504858
2.848292547939275
-5.4430175194811
0.5765187472800469
-2.5194939593135253
-1.3200096253086093
4.004032598718214
1.5558426977621123
2.694619518440571
1.734023361400082
0.7805289281118358
0.17517836617593852
-2.022536657169539
2.2395514480229934
-1.1287397189158552
-0.014986564694517757
-0.09454188947549735
-1.5645493990179802
1.9802986997012715
3.6718711573159775
-2.3238006546791206
2.3208245323546937
-1.3328173615456862
0.31403878141397346
-3.201373375600263
1.0512057581118335
-2.1172470684619134
1.9845263161059052
0.6870747053731076
1.0748413813110123
1.0481614979819296
-3.1409786382216804
0.8752007822868089
1.5187436278135598
-1.5947687509751696
-2.067449043813777
-1.9297672581145302
-1.2871552849386927
-0.6778392394660744
1.4538293288621387
-2.0818316790306506
2.809027075278813
-4.711534278975303
2.3680761137800763
0.3771942176628651
2.3385054257163858
-0.7362984985555497
0.47957793612161104
0.228232117987611
-0.33413667193654595
0.9928932202199192
-0.7513058834203619
0.2703359179789323
-0.28366217376981084
0.9627616358700983
-0.22095700187953027
3.558252898174997
0.8611454038506124
0.1329344515882157
3.527601261593744
-0.7423982342033674
-0.44769351762717613
-1.0218640914256576
-0.1301117310565827
-2.1611330747762523
1.341270610245468
0.7784876961588455
1.5205639265603463
-0.5696847314408401
1.359135044233335
1.6548604763212
2.360977892968571
-3.3647890422521574
-0.5485374798385768
-1.911473512116343
0.3173670902230896
-0.6594614214252263
-2.6101179401573242
1.8434609925063254
2.356517028388974
-2.395341070228773
2.076455664822377
-0.9079531995013038
-1.797971116684996
3.109224574916236
-1.677593688887084
-2.4615028793345144
-2.0372309375107918
5.3964095939598336
-2.8646848326030363
2.0574528042320623
-2.0224041179832537
-2.15993127723205
1.2038563401503566
-0.2171670101447617
0.1456919377450817
0.3608913502864569
0.6978574819892424
0.13287522664274976
1.7546979749934193
-3.4216393349962777
-3.4403538929172326
-0.11398014947181356
2.6720201024230006
-1.455927615097434
-1.4125386956959123
-1.1535462564046461
3.7545945631662505
-0.33974027531591366
-0.8408552772707614
3.6668135021815043
-0.4272911779828915
0.23377191339964154
-0.13318865729997886
0.8164732271864652
-0.34672672660303805
0.277956668802365
-1.5181843579704353
3.462724152451533
-1.1249599782363802
-0.41957489783453583
-2.071426483587421
-0.18370664946297643
