-0.4382242021914804
-0.566058024135708
-1.6442684932365423
1.0686098349997804
-1.7766896967937211
-0.24731683530668258
3.6881525320654753
-2.51357712374922
2.993226654115231
-1.470004779905143
-0.5958949586255057
0.026959702353892223
-3.2331673220935433
-1.2668136554710532
-1.06546697730914
-6.521835721096325
-5.142897061115645
-0.47946348854580734
-8.428405401404454
-7.882461520823387
-2.932459358785078
1.0
9.184466679102753
0.8930989237215253
-3.931134290642779
-1.7857040574228766
2.123136093793626
0.106564252283053
1.731454493973193
-0.02897302074906094
-1.7600953653331652
-0.5767334896134526
0.5537935551301847
-1.735305623945653
-1.9342331221921727
-1.7164975753298801
-3.665022534598342
1.4162620867018418
-2.7103767306724262
-3.7248044655199446
4.972481024353599
-2.066116194208038
-0.30338463831730156
1.0
1.9596291540978419
-1.1788564656613214
-5.490338732675306
3.0574200586256293
-2.1424453533775005
-1.1717441389756462
-2.729277000333379
0.05812045517356634
0.37642421617916155
-0.8318605033603588
-0.9406326148409949
-0.7492564431241567
-3.2761448670623583
7.7261732154046685
5.480291712003889
-5.3726684580649025
-0.1464690853849041
-3.754044241832746
-7.811626153902198
-3.780781067359583
-1.684718746750702
1.0
0.37625970463776937
-0.47958283632391463
0.8520594652597372
2.529520029639449
3.1172687775932655
-1.1821523108696963
0.7749833349864704
0.25218574966089813
-0.7615441846813295
0.771845352985191
2.7461151340244587
1.433453325622976
2.6291874607511128
3.666080038488283
-8.64335114485982
-1.8613555662988537
1.409312603806853
2.3833944072342605
0.9305111764224754
0.5913531400311292
-1.590254551145851
1.0
1.471541696721777
1.555022504047898
0.7664791305641069
-0.6951779235168021
0.14281353410902586
1.6695277143039062
4.588576389524947
-3.5414809966467975
1.2150597447981426
2.5683355379186708
2.253357997931194
1.2257901630325123
1.7687954975607307
-7.2848216104443875
2.495961852415218
-2.5802103171198127
1.4299489333541193
0.5874983112014329
-3.479264504010079
4.824563498464943
0.4355442724952644
1.0
-0.21817169197815067
-0.11896336410152786
-2.4219868170128134
-0.6507782743890114
0.6277391987434993
-0.9466979756780413
0.4451136376489385
2.3305570312000974
-1.5875981762570637
-0.22300447880045327
-1.0555122633209104
1.9848437151434937
0.7106168233582146
-0.5996982960520214
0.8320195917662645
9.036405529466204
-2.2928731060647216
-4.926206018899333
-3.7770512874729905
-2.6098633822940887
-0.5543003196778113
1.0
0.6832673938116927
-2.4661861144406583
1.033508307876228
2.0835424795402524
0.28694697197832963
-0.09326626397194127
-3.535576607260415
0.9918701200523694
2.0085872014790738
1.5033080090678568
0.08166435771447955
-0.3626675678258334
-3.6080196539252323
1.7442908403374286
5.3008635497761585
-2.640362251160731
2.5727641511420885
0.5798287890207849
5.327028957580021
-4.523347258469357
-4.610721307335177
1.0
0.2549968028953784
0.539890986383354
-0.6249552604334521
-0.1122623715009261
-0.43212003729575643
0.27992836233908536
-1.8282590664183456
1.6092729162989508
-1.3889053449547728
2.083541381381327
-1.9325499883260369
0.007329642181073126
1.182281239707161
-3.3350251128657034
-2.5517652365491585
-0.5524560674895231
1.3522804305029785
-5.257950360906718
-0.4204964765724932
-4.840147420601866
6.621655121971514
1.0
1.8209748490113566
0.14568788046818248
1.6142130400677173
-0.7724854901150398
-0.24859452500570012
-0.14103945188323652
-0.22396852416777646
-3.536788138522378
0.09876228276350318
3.8071724488558116
-2.2042181015143636
-0.7348994043908456
-2.699835577330311
-1.7452200058075966
-1.9888426814312012
8.095185714490944
2.4091928111528738
-4.280495727295305
-3.938846134337928
4.613128739765065
-5.237813768364774
1.0
0.45682079472830694
-0.5631020159606916
3.7651250341108757
-1.7855473934447237
-1.871832642734451
-1.352150960438265
-0.3529634943160812
0.4417511468020596
-0.433889330906594
2.8891084503434072
-2.5667199324851317
0.9516761432270107
-4.495394923461026
-5.145550339879803
-5.466996001616714
2.794629300170552
-3.892641325691864
2.1624775811165278
3.2924108067104214
2.397733986684547
0.7572932402492698
0.27241297475585446
-2.3007323143747573
0.7600814464690264
-0.1637434495542247
0.9635096075703711
-1.7542894786967764
0.535994996370783
-1.4807791101882484
2.518443222288634
3.4639610013363065
0.42380169639827514
2.126912662503453
7.610720230884636
0.35142374271909227
1.9956782579170118
0.16567033619775418
-1.7907073483061218
-6.820940073868318
1.846519975569602
-1.954639414805357
-4.749294948728593
1.6109055713767895
2.052742303710704
2.597927473699183
1.280664478663957
-0.6559482189482297
0.0328096387686585
1.841851436699954
-0.8144242406207653
1.0209703946492117
3.00455811167241
2.0546315942790816
1.4405896792838804
-4.491275201669037
1.520950488972808
1.964172445609826
-5.174024340386433
-1.609801539920956
-2.3068415004931047
1.4170727412800497
5.45782632794239
2.184381631793104
1.5002589170657057
0.20264987283399438
-2.9434976185028505
0.8958018237692853
-0.2895095610251406
-1.1644192010276153
0.9733440937298308
-2.79531062453958
-0.8266829692467005
0.1624107704585921
-2.154324395781898
-1.1551661842178218
1.2341803829443068
-1.5972462052470946
-1.0680649771292043
-1.259229978700879
-1.8654065524969812
-0.25617992885106555
-3.86985829331379
0.22071080599288817
-4.877380277497697
0.2125881262730296
2.914155372859991
-0.30556982173947245
0.39052038090645713
1.3374911756684766
-0.2998825197828454
1.1861588201371043
-1.6875043646056171
1.611858337537804
0.7055792449499457
-0.9420214010522052
2.5401335514493915
0.7708192448167279
1.0646053264381161
-1.150010910608157
0.5264903503014169
-1.2585179410995326
1.1197603587790377
-2.37425927898515
1.5136488768028153
1.8839665340249168
2.748629812291942
-1.6213916169871425
-1.5543801023166337
-1.5822658214278944
-0.5050314537650036
-0.9093801817364431
0.39906446717572874
0.1170628222837865
1.2882674192551367
1.7965461371195899
-1.328587296888972
0.7259041509121411
0.933148705577872
0.14472639431887113
-1.3826380461712269
0.7468683251372858
2.09461463724586
-4.473483240572515
0.21266276974699616
-1.7426294285940398
-1.155942460746089
3.5915833441857004
1.0992382202370656
1.6908439364307262
1.2827346246524527
0.41541072852343686
0.5323872279539463
-1.4232273262956905
1.5346753776290025
-1.419017999986277
-0.107097698899282
-0.06670190560309541
-1.131091779095785
1.919606533839501
2.459847755198492
-2.249575118810066
1.7161574895213418
-0.7072220526435813
0.3104124689164668
-2.363960638194145
0.5613021349806064
-1.6883133193503146
1.6063523675543252
0.41524094859738303
0.8353418338862636
0.6145233754815725
-2.687177748582788
0.7154093509383039
1.380610765833587
-1.2105230468683081
-1.7735493219315426
-1.4247296391587132
-0.6417828618916179
-0.49842100109351595
1.5975746826509154
-1.536548042701238
2.5217680115692365
-3.4567553186680975
1.885968199206013
0.2916082003403342
1.9922439717158957
-0.5951756152908448
0.17576376059381094
-0.18233556906461024
0.0028154980085135506
0.6679798294345329
-0.29964144503695844
-0.1379688591520366
-0.251651006219783
0.615213127869426
0.4690418858057811
3.8573059269793966
0.8621572274366404
-0.0767820358495398
2.85033292968465
-0.5916167163749874
-0.0625881618766948
-0.7922929913741786
0.12386370725901297
-1.8330477603650266
1.2475492153090044
0.7707046242906007
0.9482930034270407
-0.5519339051764113
1.34894752307403
1.2573803525007405
1.775876723865446
-2.753434142286129
-0.3869300293709611
-1.3690344958868197
-0.0982767984222277
-0.5568814521577352
-2.295396250981673
1.7421490523053045
1.5142811582632556
-2.528344000523747
1.6412289881914206
-0.6801118219560246
-1.566068355329206
1.8846557468763423
-1.6043360713406045
-1.7100503099328912
-2.0562526297432404
4.130531660169983
-2.356599798875302
1.4370412755912498
-1.7680688533419777
-2.2096859693872286
0.934965407061451
0.24668213252654592
0.3452361832680685
0.30541858421413937
0.29298506929053325
0.029000537476605137
1.3986006959114399
-2.103654689049572
-2.9712116487728277
0.26766063747043645
2.118446321029408
-1.6002780582391394
-1.2067015752927106
-0.889096495495061
3.0323347637673645
-0.20749309218578948
-0.7886651687074566
2.8791182885309574
-0.3876868507672494
-0.555632756120125
-0.1814102366309659
0.35903973468600103
-0.41064201338219175
0.6366607334578557
-1.3267930652977862
2.810219989662638
-0.9798249471750416
0.30035780589609995
-1.6344874278068764
-0.13544261928220958
