1.0257761298579773
-4.626451704374135
-0.12169974187798638
0.42480355134186754
0.03419691533372826
0.21772347704623607
-0.36805860907394417
0.45619885773026425
-0.2927815552913655
-3.2370853292019817
1.3700295126719249
0.1887744689362285
1.2727201646264714
-9.62216124541623
-8.881469403610474
-8.374431962666701
-5.670026554878455
-4.579314949122073
-2.9442398451513245
-6.414509693653889
-5.358750918296487
-4.194478023688698
1.0
8.08228678268158
-0.3311834666707807
-4.18717170555618
2.596803932036355
-1.0124576105467715
2.904734679914183
0.050234945611326354
-0.5190792040297796
-0.6443775291859248
2.393332971926265
-1.8973887228218511
0.30620358757594746
0.931320742256837
0.8560953313312566
0.08268259957061952
-7.783050011667671
-8.641188815774036
-2.0142485227185243
4.988168967427075
4.151757511186297
1.7750700639498205
3.8685113219190015
1.0
6.614185193372516
0.7747157411016574
1.503885772139652
-1.2132856616932317
-6.241064467444852
1.795838228925948
0.777064853585894
-2.7742736327833883
-0.023336777385828067
1.0481202733273576
1.2719624851138747
0.6735228885011417
-1.232015944125835
-2.0139054865812556
7.903071529954149
-1.5614508808618608
1.0741012317764376
-3.420110419656586
-1.133347799580752
-5.165457528408322
-2.5670351272239236
3.5144135294280563
1.0
1.9288521327754984
2.827387555587457
-1.8309604833589475
-0.5302910281862554
2.5798789140190643
-0.8451560855875555
4.474572915944984
1.568164219581535
2.161837425638785
-0.35967928883798206
-4.036091762742878
1.616341342980288
-1.8034686898445644
6.641588907567032
-5.524547413470985
-0.7971178661684271
5.294208832201044
-3.200759515799836
-4.268628790008586
-5.107622551610195
0.5202361318600583
-4.041331231262632
1.0
-0.8390822836486426
-0.99760669651097
1.0597759077787108
3.978845118093589
2.287154952920849
1.290652104336976
-2.5952725607848723
4.27811498831193
3.873292442308918
-2.9339911526166396
-1.7385091389969771
-0.26677543985194396
-1.2558803905394937
-5.649996306979364
5.771597745108398
9.770192087713363
-1.879339197449042
-2.8922211434344787
-3.2968240421952153
-9.432770223568081
0.5275015721242201
-5.312887857786567
1.0
1.1478037130097538
1.74359124569748
-1.5559492636226577
-2.5638608296725716
-1.692034461942167
-2.018368061264999
3.3724511518150733
-0.807890324539883
0.7732675202889371
0.5130915075719178
-0.4943217783170841
2.4730644099112746
1.459939747940812
4.606278185373231
3.1349258378037597
-0.7315539857547945
-1.114874797652166
-1.2227291667689837
5.063179827259409
-1.7251954268614478
-7.240390407215992
-3.9406431713096657
1.0
1.0702539336793635
1.0214608674037404
2.3501013045217682
0.530003212851101
-1.130317365905646
-2.9925218776062357
0.9666296972448455
-4.295426147132434
-0.31944286474649375
0.9464314940487466
1.2780268430761272
-0.11581843761361676
-1.0433971459785865
3.7167698122975787
-1.2097685549511088
2.150477822415255
-7.215835863949487
-2.105146375773786
-7.6457558709025175
-2.101947687037715
2.266309276650628
4.048767285126447
1.0
0.8354389534996778
0.3507183451218254
-1.2441104242223309
1.052769365840391
-0.2874340929138024
-1.4398305222323764
-0.5597492415395371
-0.1478112704077782
-2.645736481775906
2.22261771581676
-2.5063957180599004
-0.2380398655137188
1.6505258417520694
-3.1423405830872104
-1.400759942307694
-2.2009696948694746
2.8341420774592634
-2.6315412579807855
-3.901198343768767
11.861434945466966
-6.920769719496224
-5.446134013290568
1.0
1.5558403067348263
-0.7614445556662275
-1.1186465858116321
-1.874323033869099
0.7710252310988541
-0.6704630630983943
-0.36227966640114695
-0.8027273899392471
3.3241032822109458
-1.96782618174213
1.1499316499187104
-2.7928241819089576
2.407053834906026
-0.5993662853130499
-0.06021399798897065
3.9636001133428005
-4.771608328349184
2.620523425916814
3.91709598702416
-0.8029146001167959
7.765699254375827
-8.228366193580824
1.0
-0.804295140202066
1.065694237310909
2.509457804497343
-4.286619699739129
1.6900643481586697
-1.5748928552459318
-1.355351732085495
0.588581527602159
-2.944566334166174
2.9613933498092457
3.1226635314176328
-1.192048414288064
-0.9948054763436152
0.4062406400630957
-8.53193098870315
4.26759094867808
3.959451617406652
3.32517248549381
-1.2865662860513447
-3.578182049943922
-2.1530819783713318
5.4479134254987045
1.495704351844473
-0.02393811960800052
-1.7938383286128368
-0.6772102136527182
-0.4010582153054695
-3.2004699968190007
-0.2660176756813022
0.4713546166795344
2.350064060563068
-0.9780589693544962
0.5927650831261035
-4.192669887980347
0.031046559136588492
-2.4433224555357484
0.8983388760619327
-4.696420998625494
9.256406325200942
-2.109636417555572
-3.5405116412501485
-0.2504210655444514
3.6264148766560806
-2.824466579227237
0.6102345674982176
1.5908925892819374
-0.6006671062489648
2.828886869769759
2.6439463748618506
-1.3358894354915085
-0.907557705085292
5.804783391019514
0.2950372734799268
-5.693278803140376
0.4818157535108859
0.5192035664917891
-2.004852807908911
4.888252470518079
4.331738029588024
-2.1642231946122483
-0.6589107176004299
2.8981255053832005
-7.533908920416441
1.4003892512563052
-3.668191391179319
-1.0305006951525089
1.5200636871254443
2.936590014339851
-3.0616678276053735
-0.8889351479668621
-0.730074504298256
1.83644756905021
-3.338537054648537
-1.1414256982401252
2.993177721047978
-2.8231905541317674
-1.530024860901288
-1.8802357154143798
3.7731649932499627
-6.855541245933524
-4.456046709333619
5.746384221341754
-1.5833825369069212
-2.3624352602930343
-0.13080676377341327
2.243105519622156
-1.3222094234544384
1.7340784836918006
-1.5757121085900372
1.8835301882532978
3.125818053710259
0.4325906412202455
-0.7613088003426625
2.8107903162911096
3.1822907072861444
-0.5213334713191505
-2.5635092644484567
-1.7484749186784698
0.8774290183613764
-0.8555370145610014
1.977587912077495
-0.9894906696005492
-1.510103234016387
0.4900516225893903
2.985140497664805
-0.8471585161843853
-0.9935743340662415
-3.7327201524023206
3.9366185456086686
-0.5882522885458096
-0.4303606610128514
0.11517848408784226
0.5652659307092429
-1.73218908742419
0.23212309214706417
-3.7252196782399505
-3.255423153146724
0.21223783890152714
3.573839292147569
1.845824870238959
-1.903469097709287
0.2116448210708698
2.38461930654788
1.3004520045686667
1.1064550172009464
-0.8786002385923938
-1.2951119007152476
0.6055271233441263
-2.2663826563421035
-0.8825837826068881
-0.7280881544597699
0.21876189702000004
1.4628227056872827
-1.5625923945853928
1.6822032662628048
2.7411511969318827
-2.244581265291366
1.5219219945175866
2.488941175160973
-2.7199979356862625
-1.7765687892291107
-0.9759538991160729
2.098755228442047
3.1492826761155044
0.8203253982226952
3.0006341325388988
-1.240362947201672
1.1238804184869142
0.7846926658871543
-0.18945926251551892
0.0636788465954432
-0.6211191838718294
-4.9622504372837914
0.46979594407838443
-1.0761945500373944
-3.6898799877510884
3.7274704915239973
-1.6610619222503964
1.031433839132439
1.1071157063382637
-1.1400098170789732
1.687819246237002
0.8259325011568377
-2.475738896891963
1.8903911811586653
-0.8905272735768387
0.6089420876421163
-0.18948686770363188
5.131041325963132
-2.410127915073389
0.5330143669955126
2.7006533578643803
-3.155423731578036
2.4781853269211407
-0.2286205259763342
-1.4281164259658108
-1.8443432462994254
3.285790056496012
-0.8556786781526029
1.093666305358975
-3.178117783206167
-2.2020478934308594
-1.8026546168912154
2.7819469011891487
-0.14054079493989202
0.5253229191035886
-0.33899484707528327
0.9832783556572958
3.735034390739001
-1.527020172664331
0.3244134120578318
-0.36147909338282935
1.1938411893470426
-4.503584416187764
0.9073845724268703
1.8543346017172324
0.3515961881557851
-0.9558734909880832
-1.5690771574376279
0.9046286193839853
-0.9973651127103851
0.9378853847271164
3.456631813249323
0.7255461416433552
-2.121717329886467
-0.1374417097282069
-2.42881811660392
-0.7257114028850111
-2.7088133094863966
-1.4122793545978676
-1.5181415456716116
-2.2474749390510445
-1.6674207907654304
1.4093309656631832
2.2733090089033374
0.41657333610302394
1.3524586403790637
-1.8091261857087455
-0.3827239083199463
3.8395990362215127
-2.5465800356871124
-2.189019261465452
-2.083198407321898
2.703496455363494
-1.9091304441580528
-1.0809595995229848
1.9274634569477775
-0.7541211507553991
-2.9251466797090315
-3.426473825977599
-0.4368251553348871
-1.5753713481348448
2.9644836515759216
-1.0380562845275196
-1.214311487666662
-3.1988491015038782
-1.212486372360372
0.473545960658212
3.1691219160779003
0.911449362320365
-1.1680197150925025
-0.6138783986234664
1.4597929715481608
1.2518176055785328
0.4943756817922752
0.6284710193817395
-1.1953203488390256
1.565037443485517
-1.2087518048285208
-3.692330008957019
-0.9719285292170163
-2.8442737647053136
3.0120185344270745
1.5182695168966451
0.6871499136377688
-1.397251605402183
-0.4343502164492198
0.553880357139541
-0.04510058789311988
0.10784293677329782
-2.1147535752966187
-1.0398987692938544
-1.1713498843201362
0.5334935792171359
-2.4134922868406417
-2.3086123273211343
0.26139759832696396
-0.5464337320271538
1.5660411266131322
1.0945544698963752
