0.6047020917249591
-3.750908591193829
-0.5216793686197507
-0.17659494776622364
0.39020593848883545
0.3280096400982119
-0.08755674070652208
0.35639122320787786
-0.9083827673405982
-2.5664465028554586
1.4266634281618313
-0.003066454976993871
1.3348426415793353
-7.781256704713998
-6.706770814298453
-6.076383190064886
-4.976979474343622
-4.477718379152686
-2.2178920777189135
-4.602597543217285
-4.138171556828273
-4.517456043573738
1.0
8.078141078870775
-0.3692471263720236
-3.1582649989427773
1.599899210846393
-0.7488162911467563
2.2866162180903515
0.032637461764827624
-0.2083920430351136
-1.070269920297357
1.2417518015762958
-1.8958122302201108
0.23631920053341826
0.6735275943497276
0.5070855959442718
0.7922239523895682
-4.943180577573891
-6.376400253483833
-2.3011970926071705
3.802917017984441
2.5374597738496467
1.1675391900594487
4.393848915984037
1.0
6.619169697983663
1.3520972372559852
0.7213180100982379
-0.47376542934060106
-4.98492933463071
1.445870498835259
0.7153378401526004
-1.851469785477581
-0.07364653419427569
0.8106732384597473
1.643137157417284
0.6996129194853911
-0.8242833266221816
-1.1240868016623413
6.114292861029189
-1.5694486549819162
0.999750789264715
-3.079636561161025
-1.3936922486727612
-4.281903785705801
-3.199798722614722
3.3156158515315397
1.0
2.131985995787847
2.248749142091394
-1.2143777463504888
-0.02136557772439973
2.186371531427647
-0.40219098952773913
3.517144444168137
1.1026178568603098
1.775240245148174
-1.183523394582108
-3.1671894810903085
1.1707803076888406
-0.9550397373767533
5.359075182236335
-4.398020642102889
1.1240801187140952
4.513940783236544
-2.546837877285262
-3.6380574680507154
-3.6024056659581407
0.63921976004
-3.1919949052643397
1.0
-0.6828638825842807
0.2308567691836647
0.8973410110717908
3.432901473224689
2.2351141764528464
1.0525358167466807
-2.4327850104180504
3.288923912415309
2.405004743283595
-2.743769329088432
-1.4186829832781274
-0.004599815810760743
-1.217667135654788
-4.480062496359396
4.239089864967754
8.703134470626129
-1.564409782224529
-2.1747063751161497
-2.6436567696995956
-7.045427386485526
-0.3288334453330791
-4.265393461215115
1.0
0.9970408435878041
0.8409094648401682
-1.684794123741262
-2.0016295602067102
-0.9206890481909881
-1.4442438679096856
3.1041302068974126
-0.3224338411852259
0.2031061765813612
-0.3313791350250439
-0.15290477701392158
1.9118393234517708
1.0409609620177211
4.161248082696326
2.2262522991835834
-0.4294883825347747
-0.4830915501038541
-0.5248517791964684
4.186713964296273
-1.8305580143314626
-5.2212561770227355
-2.92417492334891
1.0
0.575559860574629
1.1277246863763755
1.7693024174041714
0.5903249408422149
-1.0844553119580698
-2.545724548871476
0.5656327268402964
-3.9416587034465946
0.3730835770006995
0.5671655089901111
1.3358022879030624
-0.11252070218235988
-0.8526970084397569
3.4592763447050614
-1.0097222295525303
1.888177365672257
-4.68915253965173
-1.4266465079039832
-5.849240187494994
-1.6244696411146138
1.7741648161093293
2.517182322786319
1.0
0.5882198271307972
0.07989768617880921
-0.8985219605033987
0.6620328692529505
-0.5201627229659394
-1.5940607593424354
-0.6867396176237499
-0.3238715492775167
-1.607121287468869
1.0768794859676678
-2.2878499262352237
-0.22533225974467208
1.068588970780797
-2.9744395942152826
-0.4208277718395377
-2.6539895284385486
2.720241629171606
-1.8465326156761837
-1.7779648977738862
9.406112988114003
-4.794157242703118
-4.3954821116242275
1.0
1.0937691490193107
-0.9754291224383849
-0.8527962465570792
-1.4712460271970178
1.402964964055825
-0.4672420783283193
-0.49520766071786415
-0.4763129778653472
2.6160959089929805
-1.8616351971968732
1.050189006707962
-2.145360114461838
1.633802938839859
0.16721237191460125
-0.821984797223644
1.7219790678249598
-3.374443030098198
2.47055289480094
2.657816255543838
-0.9594269906777937
6.132495948774812
-5.71154727814365
1.0
-0.8348004645186536
0.6195034476166693
2.0264305040711084
-3.143411426371849
1.5269822506234032
-1.487819195180381
-0.9857311199265455
0.14234017667216559
-2.076779857449551
2.9065612343889007
2.2733475890072197
-0.7947690964283528
-0.9471913534401485
-0.48613710920097153
-6.328619627759254
3.72816693616677
3.8238512803116183
3.0858433763207667
-1.1908842410052531
-2.5237465573918447
-2.1390525775240343
4.241846150463734
1.0462022635211894
0.317767126248388
-1.2955920556405176
-0.05687367525300535
-0.21309545041949562
-2.0695468335587
-0.022091710303546286
-0.14294487148684665
1.589379665540818
-0.4555162555569604
0.29230554438194023
-2.93997880731454
0.405076119324427
-2.404623424237504
1.3835628848561545
-3.833472329215715
7.197992410486714
-1.360898185469277
-2.2751100233956016
-1.1548727388489475
3.7238667668607954
-2.6641226917763356
0.5630976471354284
0.2703103120085242
-0.25542789376005226
1.496849977062396
1.8284634118285548
-1.2917593479517242
-0.28290453821216277
4.656450659683852
0.2917445681493115
-4.555132581346841
-0.22732383848969906
0.03570936115776058
-1.1369034719530025
3.582150453839416
2.451651369886451
-1.7491212934718068
-1.5954186634066718
2.578440919601374
-4.922228008344291
1.8561737565204282
-2.830698668636633
-0.8461978050066101
1.4154033562770336
2.10545605492779
-2.9359366272945313
-1.104438727619777
-0.3574027939797665
1.1939287239791327
-2.481121169270375
-0.629162731226948
2.246056960405271
-1.8521829316690819
-1.3654383138885253
-1.0392670378305322
2.614885968316535
-4.665772207790274
-3.2458350961037987
3.35361482463254
-1.3018652606678252
-1.5211242596552554
-0.5757178728700539
2.472711726027569
-0.6982591734900161
1.9927760619677022
-0.8195505512638189
1.6079544382733861
2.9326846972867173
-0.23981297879303332
-1.4208024153721452
2.323671976749066
2.43749117836347
-0.42641664006469593
-1.6416458847748918
-0.9258577119327126
0.3628595385965727
-0.8353747497074832
1.5842951638130551
-1.1096265792292206
-1.2985435565405337
0.8470942982025687
2.3709899625365187
-1.324598802750735
-1.2834203408439135
-2.982855177131161
3.0632418469351808
-0.6593200635530426
-0.03824217203266489
-0.15931662621016418
0.22802885088863034
-1.5604064184984883
-0.09951771447800228
-3.4353486216320106
-2.572101031439706
-0.69584782372146
3.242730371092811
1.6960839320927223
-1.3225040481467774
-0.053768462800132366
1.4888792564196933
0.8733934880602949
1.1639315596958295
-0.4646685280838466
-0.6282758565328913
0.567880091306502
-1.4157546688521607
-0.6208967340534108
-0.5059097940329254
0.5557568568797266
1.3061429883696678
-1.2562824498877903
1.3474311894286437
1.5328393479743507
-1.5103117417238634
1.4458292907039683
2.0416883007812565
-2.0734008757299436
-1.3116756261605858
-0.3051553405303117
2.1451462159629524
2.376823899777479
0.3076771980627466
2.6911738035219086
-0.9215799890660005
1.107661574492694
0.5649020376854439
-0.2553695420601032
0.27330434857583596
-0.6013155205778692
-3.5079811681170687
0.5483431476690409
-0.47289636312987504
-2.5839221185332595
2.8003315117651733
-1.9501352780577808
0.9248049576642929
0.9820200599341473
-1.0361707690591129
0.5957325830703217
0.512920060263681
-2.532465708588569
1.6330367174877152
-0.8079031804997615
0.7778191595777244
-0.1406731700280115
3.6210627006217204
-1.6081371256774508
0.9355526007885054
2.153648067748767
-2.6276740188019825
1.7532568417998515
-0.25260803642374385
-1.175842211507141
-1.2300819213244014
2.2513737029099223
-0.9566702295860243
0.5329458615334008
-1.738611822310462
-1.4704932566225097
-1.0614973153840428
2.8374511092701855
-0.011426587887642059
0.2969124651646622
-0.33245664157605415
0.41903761974888465
3.0397544765417623
-1.5956021773764066
0.258163971383511
-0.46145116335866376
1.170407539182964
-3.039579102647555
0.665050953569033
1.9526724751760693
-0.11143879985655458
-0.877674551936856
-1.3542832771090214
0.7107845209465896
-0.9285741479303107
0.7524985592938572
2.9790901974490787
0.3216315440558982
-1.2923563279933967
-0.6247060081215042
-1.9696024691985552
-0.31302962489992003
-2.113196251663048
-1.3307961578218344
-1.0471274768069836
-1.3303938132127724
-1.5452225677208853
1.1178991401265632
2.116659643311023
0.3452100548520105
1.1227465029916082
-1.1576913274085583
-0.3417109838231269
2.719940169669106
-2.0537513939140037
-1.7909844946939835
-1.8879188980637402
2.3881421073423916
-1.7863035332547907
-0.19195681023984612
1.5080019348063265
-0.43611832488268387
-2.605565151659693
-2.093870735856285
-0.0017436204088353557
-1.0051451880333502
1.6033970627158105
-0.7605851383700988
-0.9274262592795051
-2.4002079995041483
-1.410387622247983
0.46445357201829784
2.448620458107727
0.5686954007413807
-0.6117842154239577
-0.5555006887357916
1.1128383037710112
0.7638646103002981
0.3889991612682443
0.2726315558839194
-1.3870791454396585
0.7681236454523116
-1.4786416262124216
-2.8826309303867617
-0.8426611986453467
-2.288512955999002
2.713199086770161
1.5432800908265962
0.30980775515426195
-0.8986920125584273
-0.20638970481245977
0.27722524864386955
-0.4143323150584177
-0.08819168531129207
-1.7482505662425099
-1.5368532222735298
-0.9966836682412968
0.5340806225574636
-2.2533187879936643
-1.6256143281880329
-0.1451513647896846
-0.3799562829509905
0.861197607700792
0.6016055507046872
