1.086698265867155e-47
5.4470714780321636e-46
9.578630819446948e-40
2.582983310904273e-53
3.3831075289038145e-39
2.9177538042431254e-53
3.949657966690901e-55
5.095015676793209e-35
2.9619854974279617e-37
5.373986584596044e-44
1.6299904594121198e-38
8.441778119611938e-55
4.441372342048796e-41
7.232519170519774e-42
1.0141595215391656e-53
3.3802201861971515e-41
1.2525579902194166e-40
3.98050999768624e-40
4.265807144034895e-43
1.8018734165046536e-45
1.2798093508535454e-42
7.249464160474557e-35
2.864006655885494e-44
3.858513452845253e-48
8.912293586338214e-45
8.241986647394842e-48
2.931902755940293e-45
7.576426341826822e-41
9.857076082405789e-47
2.7545448735109667e-46
2.4571976652230735e-37
3.533248388673532e-39
2.114415275127816e-40
2.3571690323469765e-47
1.478602993064259e-45
5.088544034124756e-46
4.105847931973654e-35
1.9200259603079938e-55
2.6914398519218324e-43
6.279090950095487e-51
5.403193026154852e-45
3.5940404956987414e-41
1.6042457734042062e-38
1.9510846015058072e-49
1.6883130537441281e-40
2.2068523780190532e-44
5.490569458810648e-36
1.5383503536395714e-45
6.728172530267947e-31
1.1457713191664034e-43
7.72768552050297e-47
1.0686541296527046e-55
3.752348708893492e-50
1.8129037387714475e-48
2.7383840249951652e-36
3.525118566711482e-37
1.3820288334785803e-45
4.905504741152443e-47
4.1862497909259115e-44
1.8778905865871435e-41
6.798029117547916e-49
8.446729495797545e-41
9.138126916340559e-41
9.025162911989516e-38
1.4339622299814597e-44
8.919730239788355e-43
1.3272390151242673e-33
9.713631885080371e-46
5.3584197891223475e-39
8.627053537520669e-49
8.233083833174161e-44
3.2202168885524107e-51
9.665874412931462e-49
4.752656256087468e-43
6.487352056289985e-31
6.984184552357243e-42
1.501852144980615e-37
2.353132906376287e-52
1.1094824326021895e-54
2.117689868318079e-51
4.40256205832486e-47
6.294981002761618e-49
6.918377831876853e-42
9.883198986314242e-44
1.6160822521301445e-38
1.565911263124811e-48
9.739507288926264e-48
1.4311418319108257e-43
2.2707677604510742e-37
3.7592688035322714e-42
7.893091332276121e-35
3.651081762992554e-45
3.2675856268500213e-46
5.472090969292371e-48
6.856409718018273e-41
6.72098746776937e-39
1.1594872513014725e-46
1.9935741513490473e-44
1.229061058415618e-52
3.443016945342644e-48
2.112622823869623e-47
4.848792428222021e-56
4.1631496962588355e-40
1.1251741319911256e-44
1.028135156208908e-49
2.4263273303456177e-45
2.4036865693848574e-40
5.1607282580377083e-48
7.081429174023108e-52
2.8760995131448547e-40
5.5722204360890145e-43
3.2180428591832785e-46
7.453755780713109e-39
1.0873400394368261e-47
5.122258421202465e-46
6.370782946199304e-47
1.1148668913312625e-44
5.987220910837529e-47
7.280781068823577e-46
2.8483838437242664e-55
9.279250448275537e-40
1.979054286419759e-34
6.140311614912829e-42
4.524692360357983e-53
1.7564762252626875e-42
1.3955002210049793e-36
8.587220642685863e-55
2.153534353490739e-36
1.310337831334425e-35
4.124654336693856e-33
4.0377090336587435e-38
4.819047649031843e-44
1.4746374861782566e-32
5.030704288427073e-37
5.009809031646187e-46
3.163043745821135e-57
3.786452032442541e-31
3.531531455028566e-50
9.231764462192063e-42
1.268827627348413e-39
4.438993017541587e-46
6.596174248186848e-44
9.753287818843898e-40
4.2492366001467846e-41
3.761416991208003e-45
1.0401481585582223e-58
4.649190854617267e-46
7.271143613485725e-42
1.5880442081240623e-41
5.045354762009702e-40
1.5223400779194006e-45
1.772360610295874e-38
4.882719352349218e-44
4.913746829095783e-54
1.1948202926603392e-42
2.34742677965015e-42
9.38270667723604e-37
1.3316660672408308e-49
6.174049458548738e-35
6.404669602148011e-42
3.6946463500945983e-47
6.746577286344758e-54
