2121210006
2121211208
2121210216
2121221108
2121221017
2121201215
2121201005
2121220116
2121200105
2121200015
2121122108
2121122017
2121121208
2121120216
2121120007
2121021214
2121021004
2121022114
2121020104
2121112208
2121102215
2121112027
2121102125
2121012004
2121012214
2121012124
2121002104
2121002014
2121110226
2121101225
2121011224
2121100025
2121010024
2121001024
2121000124
2122110006
2122111208
2122110216
2122111027
2122110126
2122121108
2122121017
2122101215
2122101125
2122100105
2122120116
2122100016
2120121213
2120121007
2120120108
2120122113
2120112003
2120112213
2120112123
2120102103
2120102013
2120111223
2120101025
2120100125
2122211108
2122211017
2122011214
2122011124
2122210116
2122010104
2122010014
2120211213
2120211003
2120210103
2120210013
2120012103
2120012013
2120011023
2120010124
2122201115
2122021114
2120221113
2120201108
2120021108
2120001124
2122000116
2120200116
2120002113
2112210006
2112211208
2112210216
2112201005
2112201215
2112200105
2112200015
2112120006
2112121208
2112120216
2112121027
2112120126
2112021004
2112021214
2112021124
2112020104
2112020014
2112000006
2112100206
2112110226
2112101225
2112010206
2112011224
2112000215
2112100026
2112010024
2112001024
2112000124
2102121212
2102121122
2102120102
2102120016
2102100006
2102110202
2102111222
2102100212
2102110026
2102100122
2102211212
2102211002
2102210102
2102210012
2102010006
2102010212
2102011022
2102010124
2102201105
2102201015
2102021104
2102021014
2102001124
2102200115
2102020114
2102000106
2102000016
2111222108
2111222017
2111221208
2111220216
2111220006
2110221003
2110221213
2110220103
2110222113
2110220013
2111212208
2111202215
2111202005
2110212003
2110212213
2110202103
2110202013
2111200205
2110210208
2110201203
2110200005
2101221212
2101221002
2101222112
2101220102
2101212002
2101212212
2101202102
2101202012
2101210202
2101201202
2101200002
2100212102
2100212012
2100211202
2100210002
2100221103
2100221013
2100201007
2100220113
2100202112
2100200106
2111122208
2111022214
2111122027
2111022124
2110122003
2110122213
2110122123
2110022103
2110022013
2111120226
2111021224
2110121223
2111020024
2110021024
2110020124
2101122212
2101122122
2101121222
2101120022
2101021022
2101020122
2100122102
2100122013
2100121022
2100120122
2100021122
2100022113
2110002003
2111002204
2110102203
2110012203
2110002213
2111002024
2110102023
2110012023
2110002123
2101102205
2101012204
2101102027
2101012024
2101002124
2100102003
2100112203
2100102212
2100112023
2100102122
2100012003
2100012212
2100012123
2100002103
2100002013
2111000224
2110100226
2110010223
2110001224
2101100225
2101010224
2101001222
2100110223
2100011222
2110000024
2101000024
2100010024
2100001024
2100000124
2211212108
2211212017
2211210007
2211221108
2211221017
2211201005
2211220116
2211202115
2211200105
2211200015
2211122108
2211122017
2211121208
2211120216
2211121027
2211120126
2211021214
2211021124
2211022114
2211112208
2211102215
2211112027
2211102125
2211012214
2211012124
2211110226
2211101225
2211010204
2211011224
2211001204
2211000214
2211010024
2211001024
2211000124
2212110006
2212111208
2212110216
2212111027
2212110126
2212101005
2212121108
2212120116
2212100106
2212101125
2212121017
2212100016
2212101215
2210121003
2210122113
2210121123
2210121213
2210112003
2210112213
2210112123
2210102103
2210102013
2210111223
2210101203
2210101023
2212211108
2212211017
2212011214
2212011124
2212210116
2212010106
2212010014
2210211007
2210212113
2210210108
2210210013
2210012103
2210012013
2210011204
2210010213
2210011024
2210010123
2212201115
2212021114
2210221113
2210201108
2210201017
2210001214
2210001124
2212000116
2210002113
2012121001
2012120106
2012121121
2012120016
2012121211
2012100006
2012110206
2012111221
2012101201
2012100216
2012110026
2012101021
2012100126
2012211211
2012211008
2012210106
2012210011
2012010006
2012010211
2012011024
2012010121
2012201105
2012201015
2012021104
2012021014
2012001124
2012200115
2012020114
2012000106
2012000016
2011221211
2011221001
2011222111
2011220101
2011212211
2011212008
2011202101
2011210201
2011201201
2011200211
2011200005
2010212103
2010212011
2010211201
2010210211
2010210008
2010221103
2010221013
2010201211
2010201008
2010220113
2010202113
2010200108
2011122211
2011122121
2011121221
2011021024
2011020121
2010122101
2010122011
2010121201
2010121021
2010021124
2010022111
2011102205
2011012208
2011102025
2011012024
2011002121
2010102003
2010112203
2010102213
2010112023
2010102121
2010012003
2010012211
2010012121
2010002103
2010002013
2011100226
2011010224
2011001224
2010110226
2010101221
2010011224
2011000024
2010010024
2010001024
2010000124
2201100002
2201121002
2201121212
2201121122
2201120102
2201122112
2201120012
2201112002
2201102102
2201112122
2201102012
2201112212
2201110202
2201101202
2201111222
2201100212
2201110022
2201101022
2201100122
2201010002
2201211002
2201210102
2201212112
2201210012
2201012102
2201012012
2201011202
2201010212
2201011022
2201010122
2201001002
2201201102
2201221112
2201201012
2201021102
2201021012
2201001212
2201001122
2201000102
2201200112
2201020112
2201002112
2201000012
2021100001
2021121001
2021121211
2021120101
2021122111
2021120011
2021112001
2021102101
2021112121
2021102011
2021112211
2021110201
2021101201
2021111221
2021100211
2021110021
2021101021
2021100121
2021010001
2021211001
2021211211
2021210101
2021210011
2021012101
2021012011
2021011201
2021010211
2021011021
2021010121
2021001001
2021201101
2021221111
2021201011
2021021101
2021021011
2021001211
2021001121
2021000101
2021200111
2021020111
2021002111
2021000011
2001212101
2001212012
2001211201
2001210211
2001210002
2001221108
2001201211
2001201007
2001202111
2001200106
2001121022
2001120121
2001021121
2001112208
2001112027
2001012124
2001110226
2001011224
2001010024
2001001024
2001000124
2200110002
2202111002
2202111212
2202111122
2202110102
2202110012
2200112102
2200112012
2200111202
2200110212
2200111022
2200110122
2200101002
2202101102
2202121112
2202101012
2200121102
2200121012
2200101212
2200101122
2200100102
2202100112
2200120112
2200102112
2200100012
2020110001
2022111001
2022111211
2022111121
2022110101
2022110011
2020112101
2020112011
2020111201
2020110211
2020111021
2020110121
2020101001
2022101101
2022121111
2022101011
2020121101
2020121011
2020101211
2020101121
2020100101
2022100111
2020120111
2020102111
2020100011
2002110006
2002110212
2002110121
2002120116
2002100106
2002100016
2000121122
2000122111
2000112003
2000112213
2000112123
2000102103
2000102013
2200011002
2202011102
2202211112
2202011012
2200211102
2200211012
2200011212
2200011122
2200010102
2202010112
2200210112
2200012112
2200010012
2020011001
2022011101
2022211111
2022011011
2020211101
2020211011
2020011211
2020011121
2020010101
2022010111
2020210111
2020012111
2020010011
2002211108
2002011121
2002210116
2002010106
2002010016
2000211211
2000211008
2000212112
2000210108
2000012103
2000012013
2000011024
2000010124
2200001102
2202001112
2200201112
2200021112
2200001012
2020001101
2022001111
2020201111
2020021111
2020001011
2002201111
2002021111
2000221111
2000201108
2000001124
2200000112
2020000111
2002000116
2000002113
1221210006
1221211027
1221210126
1221201007
1221221108
1221220116
1221200106
1221201125
1221221017
1221200016
1221122108
1221122017
1221121208
1221120216
1221120008
1221021008
1221022114
1221020106
1221021214
1221112208
1221102215
1221112027
1221102125
1221012004
1221012214
1221012124
1221002104
1221002014
1221110226
1221101225
1221010204
1221011224
1221001204
1221000214
1221100025
1221001025
1221000125
1222112108
1222112017
1222111208
1222110216
1222111027
1222110126
1222121108
1222121017
1222101215
1222101125
1222120116
1222102115
1222100015
1220121213
1220121008
1220122113
1220120108
1220120013
1220112213
1220112123
1220102013
1220111223
1220100213
1220101023
1220100123
1222211108
1222211017
1222011214
1222011124
1222210116
1222012114
1220211003
1220211123
1220210103
1220210013
1220012103
1220012014
1220011203
1220010214
1222201115
1222021114
1220221113
1220201017
1220021108
1220001214
1220001123
1220200116
1220002114
1212212108
1212212017
1212210007
1212211027
1212210126
1212201005
1212201125
1212200105
1212202115
1212200015
1212122108
1212122017
1212121208
1212120216
1212121027
1212120126
1212021004
1212021214
1212021124
1212020104
1212022114
1212020014
1212112208
1212102215
1212112027
1212102125
1212012214
1212012124
1212110226
1212101225
1212010204
1212011224
1212001204
1212000214
1202121212
1202121122
1202122112
1202120012
1202112212
1202112122
1202102012
1202111222
1202100212
1202211002
1202211122
1202212112
1202210012
1202011202
1202010214
1202201105
1202201015
1202021104
1202021014
1202001214
1202200115
1202020114
1211222108
1211222017
1211220006
1211221027
1211220126
1210221003
1210221123
1210220103
1210222113
1210220013
1211202005
1211212027
1211202125
1210212007
1210212123
1210202015
1210200007
1211200026
1210210023
1210201023
1201221007
1201222112
1201221122
1201220016
1201212002
1201212122
1201202102
1201202012
1201200006
1201210026
1201201027
1200212102
1200212012
1200210007
1200211023
1200221103
1200221013
1200201007
1200220113
1200202112
1200200017
1211122208
1211022214
1211122027
1211022124
1210122213
1210122123
1211020204
1211120226
1211021224
1210121223
1210021204
1210020214
1201122212
1201122122
1201121222
1201021204
1201020214
1201120022
1201021022
1201020122
1200122012
1200120212
1200121022
1200120122
1200021214
1200021122
1211002204
1210102208
1210012204
1210002214
1211002024
1210102023
1210012023
1201102208
1201012204
1201002214
1201102025
1201012024
1200112208
1200102212
1200112023
1200012214
1210000204
1211000224
1210100226
1210010223
1210001224
1201000204
1201100226
1201010224
1201001224
1200110223
1200010204
1200011223
1200001204
1200000214
0212121000
0212122110
0212121120
0212121210
0212112000
0212112210
0212112120
0212102100
0212102010
0212111220
0212101200
0212101020
0212211007
0212211120
0212212110
0212210010
0212012100
0212012010
0212011204
0212010210
0212201105
0212201015
0212021104
0212021014
0212001214
0212200115
0212020114
0212002110
0211221000
0211221120
0211222110
0211220010
0211212007
0211212120
0211202015
0211200007
0211210020
0211201020
0211200120
0210212010
0210210007
0210211020
0210210120
0210221103
0210221013
0210201007
0210201120
0210220113
0210200017
0211122210
0211122120
0211121220
0211021204
0211020210
0210121200
0210121020
0210021214
0211102205
0211012204
0211002214
0211102025
0211012024
0210112208
0210112023
0210012210
0211000204
0211100226
0211010224
0211001224
0210110226
0210101220
0210010204
0210011224
0210001204
0210000214
0221100000
0221121000
0221121210
0221120100
0221122110
0221120010
0221112000
0221102100
0221112120
0221102010
0221112210
0221110200
0221101200
0221111220
0221100210
0221110020
0221101020
0221100120
0221010000
0221211000
0221211120
0221210100
0221210010
0221012100
0221012010
0221011200
0221010210
0221011020
0221010120
0221001000
0221201100
0221221110
0221201010
0221021100
0221021010
0221001210
0221001120
0221000100
0221200110
0221020110
0221002110
0221000010
0201212100
0201212012
0201210007
0201211020
0201210120
0201221017
0201201007
0201201120
0201202110
0201200017
0201121022
0201120120
0201021210
0201021120
0201112208
0201112027
0201012214
0201110226
0201010204
0201011224
0201001204
0201000214
0220110000
0222111000
0222111210
0222111120
0222110100
0222112110
0222110010
0220112100
0220112010
0220111200
0220110210
0220111020
0220110120
0220101000
0222101100
0222121110
0222101010
0220121100
0220121010
0220101210
0220101120
0220100100
0222100110
0220120110
0220102110
0220100010
0202112100
0202112010
0202102110
0200121122
0220011000
0222011100
0222211110
0222011010
0220211100
0220211010
0220011210
0220011120
0220010100
0222010110
0220210110
0220012110
0220010010
0202211017
0202011212
0202012110
0200211007
0200211120
0200212112
0200210017
0200011204
0200010214
0220001100
0222001110
0220201110
0220021110
0220001010
0202201110
0202021110
0200221110
0200201017
0200001214
0220000110
1122210006
1122211208
1122210216
1122211027
1122210126
1122201005
1122201215
1122201125
1122200105
1122200015
1122122108
1122122017
1122121208
1122120216
1122120008
1122021004
1122021214
1122020104
1122022114
1122020014
1122112208
1122102215
1122112027
1122102125
1122012004
1122012214
1122012124
1122002104
1122002014
1122110226
1122101225
1122011224
1122100025
1122001024
1122000124
1022121211
1022121008
1022122111
1022120108
1022120011
1022112211
1022112121
1022102011
1022111221
1022100211
1022101021
1022100121
1022211211
1022211121
1022210101
1022210011
1022012101
1022012014
1022201105
1022201015
1022021104
1022021014
1022001121
1022200115
1022020114
1022002114
1121220006
1121221208
1121220216
1120221003
1120221213
1120220103
1120220013
1120200003
1121200206
1121210226
1121201225
1120210203
1120211223
1120200213
1121200025
1120210023
1120201023
1120200123
1021221008
1021220106
1021220016
1021221211
1021200006
1021210201
1021211221
1021201201
1021200211
1021210026
1021201025
1021200125
1020210003
1020211201
1020210211
1020210121
1020221103
1020221013
1020201211
1020201123
1020220113
1020200106
1020200016
1121022004
1121122208
1121022214
1120122213
1120122008
1120022104
1120022014
1121020206
1120120208
1120021203
1120020008
1021122211
1021122008
1021022101
1021022014
1021120208
1021021208
1021020008
1020122108
1020122011
1020121208
1020120211
1020120008
1020021008
1020022114
1020020108
1120002004
1121002204
1120102208
1120012203
1120002214
1121002024
1120102025
1120012023
1120002124
1021002004
1021102208
1021012204
1021002214
1021102025
1021012024
1021002121
1020112208
1020102211
1020112023
1020102121
1020012004
1020012214
1020012121
1020002104
1020002014
1121000225
1120100223
1120010223
1120001223
1021100225
1021010226
1021001225
1020110223
1020101223
1120000025
1021000025
1020100025
1020001023
1020000125
0122121210
0122121007
0122120108
0122122110
0122112000
0122112210
0122112120
0122102100
0122102010
0122111220
0122101025
0122100125
0122211210
0122211120
0122210100
0122210010
0122012100
0122012010
0122201105
0122201015
0122021104
0122021014
0122001124
0122200115
0122020114
0122002110
0121221210
0121221000
0121220100
0121220010
0121200000
0121210200
0121211220
0121200210
0121210020
0121201020
0121200120
0120210000
0120210210
0120211020
0120210120
0120221103
0120221013
0120201120
0120220113
0120200106
0120200016
0121122210
0121122007
0121022104
0121022010
0121120200
0121021200
0121020008
0120122108
0120121200
0120120008
0120021008
0120022114
0120020108
0121002004
0121102205
0121012204
0121002210
0121102025
0121012024
0121002124
0120112203
0120112027
0120102125
0120012004
0120012210
0120012124
0120002104
0120002014
0121100225
0121010224
0121001220
0120110223
0120101220
0121000025
0120100025
0120001025
0120000124
0021210000
0021211200
0021210210
0021211020
0021210120
0021221108
0021201210
0021201120
0021220116
0021200106
0021200016
0021122101
0021121200
0021120008
0021021008
0021022110
0021020108
0021112208
0021112027
0021102125
0021012004
0021012214
0021012124
0021002104
0021002014
0021110226
0021101225
0021100025
0021001025
0021000125
0022112100
0022112010
0022121108
0022101121
0022102110
0020121008
0020120108
0020101025
0020100125
0022210116
0022012110
0020211210
0020211120
0020210106
0020210016
0020012104
0020012014
0022201110
0022021110
0020221110
0020021108
0020001125
0020200116
0020002114
1102200002
1112202005
1102212002
1112212208
1102212212
1112212027
1102212122
1102202102
1112202125
1102202012
1112202215
1112200205
1112210226
1102211222
1102201202
1112201225
1102200212
1112200025
1102201022
1102200122
1012200005
1012212211
1012212121
1012202101
1012202015
1012210201
1012211221
1012201201
1012200211
1012201021
1012200121
1002212101
1002212012
1002211201
1002210211
1002201005
1002201211
1002201121
1002200105
1002202111
1002200015
1102020004
1112022004
1112122208
1102122212
1112122027
1102122122
1102022104
1112022124
1102022014
1112022214
1112020204
1112120226
1102121222
1102021202
1112021224
1102020214
1112020024
1102120022
1102021022
1102020122
1012020004
1012122211
1012122121
1012022101
1012022014
1012121221
1012021204
1012020214
1012021024
1012020121
1002122011
1002120211
1002121022
1002120121
1002021004
1002021214
1002021121
1002020104
1002022114
1002020014
1112002208
1102102208
1102012202
1112002027
1102102027
1102012022
1012102208
1012012208
1012102021
1012012021
1002112208
1002102211
1002112021
1112000226
1102100222
1102010222
1012100226
1012010221
1002110221
0112200005
0112212000
0112212210
0112212120
0112202100
0112202010
0112211220
0112201200
0112200215
0112210020
0112201020
0112200120
0102212100
0102212010
0102211020
0102210120
0102201005
0102201210
0102201120
0102200105
0102202110
0102200015
0112020004
0112122000
0112122210
0112122120
0112022100
0112022010
0112121220
0112021204
0112020210
0112021024
0112020124
0102122100
0102122010
0102121022
0102120122
0102021004
0102021210
0102021122
0102020104
0102022110
0102020014
0112002000
0112102200
0112012200
0112002210
0112102020
0112012020
0112002120
0102102000
0102112200
0102102210
0102112020
0102102120
0102012000
0102012210
0102012120
0102002100
0102002010
0112100226
0112010220
0102110220
0012212100
0012212010
0012211201
0012210210
0012211020
0012210120
0012201005
0012201211
0012201120
0012200105
0012202110
0012200015
0012122100
0012122010
0012121200
0012121020
0012021004
0012021214
0012021124
0012020104
0012022110
0012020014
0012102000
0012112200
0012102210
0012112020
0012102120
0012012000
0012012210
0012012120
0012002100
0012002010
0012110226
0012101220
0002121122
0002122110
0002112000
0002112210
0002112120
0002102100
0002102010
0002211211
0002211120
0002212110
0002012100
0002012010
0002201105
0002201015
0002021104
0002021014
0002200115
0002020114
0002002110
1100220003
1110222003
1101222002
1111222208
1101222212
1111222027
1101222122
1100222102
1110222123
1100222012
1110222213
1110220203
1111220226
1101221222
1100221203
1110221223
1100220212
1110220023
1101220022
1100221022
1100220122
1010220003
1011222211
1011222121
1010222101
1010222011
1011220201
1011221221
1010221201
1010220211
1010221023
1010220121
1001222101
1001222011
1001221201
1001220211
1001221022
1001220122
1000221003
1000221211
1000221122
1000220103
1000222111
1000220013
1100202002
1110202208
1101202202
1100212202
1100202212
1110202027
1101202022
1100212022
1100202122
1011202201
1010212201
1010202211
1011202021
1010212021
1001202001
1001212201
1001202211
1001212021
1001202121
1000212002
1000212211
1000212121
1000202101
1000202012
1110200226
1101200226
1100210222
1010200201
1011200221
1010210221
1010201221
1001200201
1001210221
1001201221
1000210201
1000211221
1000201201
1000200211
0110220000
0111222210
0111222120
0110222100
0110222010
0111221220
0110221200
0110220210
0111220020
0110221020
0110220120
0101222100
0101222010
0101221020
0101220120
0100221003
0100221210
0100221120
0100220103
0100222110
0100220013
0111202200
0110212208
0111202020
0110212020
0110202120
0101202000
0101212200
0101202210
0101212020
0101202120
0100212002
0100212212
0100212120
0100202100
0100202012
0111200220
0110210220
0110201220
0101210220
0101201220
0100211220
0110200020
0101200020
0100210020
0100201020
0100200120
0011221200
0011220210
0011221020
0011220120
0010221003
0010221210
0010221120
0010220103
0010222110
0010220013
0011212201
0011202211
0011212020
0011202120
0010212210
0010212120
0011200201
0011210220
0011201220
0010210201
0010211220
0010201201
0010200211
0011200020
0010210020
0010201020
0010200120
0001221210
0001221120
0001222110
0001212002
0001212211
0001212120
0001202100
0001202012
0001210201
0001211220
0001201200
0001200211
0001210020
0001201020
0001200120
0000212102
0000212012
0000211201
0000210211
0000211020
0000210120
0000221103
0000221013
0000201211
0000201120
0000220113
0000202112
1110022208
1101022202
1100122208
1110022027
1101022022
1100122022
1100022122
1011022201
1010122208
1011022021
1010122021
1001122208
1001122021
1001022121
1000122211
1000122121
1110020226
1101020222
1100120222
1100021222
1011020226
1010120226
1001120222
1001021222
1000121222
1100020022
1001020022
1000120022
1000021022
1000020122
0111022200
0110122200
0111022020
0110122027
0101122200
0101122022
0101022122
0100122122
0111020220
0110120226
0101120220
0101021220
0100121222
0101020022
0100120022
0100021022
0100020122
0011122200
0011122020
0011120226
0010121220
0001122121
0001121222
0001120022
0001021022
0001020122
0000121022
0000120122
0000021122
1100002208
1010002208
1001002208
1000102208
1000012208
1100002027
1010002021
1001002027
1000102027
1000012027
0110002208
0101002208
0100102208
0100012208
0110002027
0101002027
0100102027
0100012027
0011002208
0010102208
0010012208
0011002027
0010102027
0010012027
0001102208
0001012208
0001102027
0001012024
0000112208
0000112027
1100000226
1010000226
1001000226
1000100226
1000010226
0110000226
0101000226
0100100226
0100010226
0011000226
0010100226
0010010226
0001100226
0001010226
0000110226
