-0.2060966500396646
0.8560942876895754
0.6193530424727979
1.6653406283231034
1.4219186675750826
-0.21409014299170903
-0.9787238732331055
-0.5074802707014858
0.7189257142775087
-0.9115209630331569
0.23091585074823673
-0.6663212644233907
0.9542743114043353
-0.9143796898455531
1.055298542434246
0.45257132459362404
1.4473061134366811
1.672540614259633
1.5067618068222823
1.6499518456248814
0.3801330717081173
1.563067002135093
-0.7495140705294693
1.0082201291336852
0.3940560617770904
0.9470322063530359
-0.32801175299107854
0.3404355318616056
0.178804188146781
-0.82074863105857
-0.8884863221892982
0.012599889366371353
-0.39141330392108986
1.4616786108632964
-0.5568132867833512
-0.9949810070679793
1.0
0.0
0.31588658010832227
0.9221504776644622
-0.7448665603134781
1.4750068263679696
0.8378869752550896
-0.5014944686755415
-0.9534622106565077
0.1304827991313806
-0.4160981164224964
-0.848976739817146
-0.5403738136898546
1.2920353472495267
1.3885581884598408
1.3749728524506297
1.7472968170370733
1.55656900200509
-0.5844067356883181
1.459507598417976
-0.8193282779193711
-0.7685729805808867
1.5035162039512626
1.8733964801122114
1.9335298616857495
-0.9950286556815989
0.7454816353711162
0.752122950722361
-0.9106698266411312
-0.43277967273683726
0.6483844624577777
1.7831855952932554
1.8100765015078362
0.03710505172068235
-0.59472951150898
0.7549350883377007
-0.9212186920336614
1.6610747780110726
1.0
0.0
0.669254994994439
-0.2777004912997112
0.17368228193342117
0.5061532281174725
-0.08969530890912314
1.9993106196184185
-0.3001483275213964
0.05893642985375702
0.12648655757783833
0.8738328746036708
1.3222798485738707
-0.48900527727335075
-0.861226619101084
1.6478079659330342
0.0935007484590974
1.896412517816797
-0.645665664659108
0.7562869164768429
0.5703046623515222
0.6126882401865088
-0.8671650452232863
1.0473943061340207
1.7938255158585343
-0.049881536968079176
0.0003335610154376889
-0.8834792771582028
-0.14522626844425324
1.3613585476543935
-0.18945857155060186
-0.693730449754202
1.5720694797018326
1.3319592961476747
1.2056930750542603
1.8140623289558886
1.387207435882113
0.3607489626062659
1.0
0.0
0.21873355200169453
1.6065287295676476
-0.8735595087102213
0.39851010918126983
0.6659339426622378
1.6892100735728597
1.2129756756109722
-0.5008191922861928
-0.08499533095782486
-0.8260772532599161
1.792605002171177
0.49909941347283626
-0.5073790482696255
1.6947512166605705
1.7855579331297329
-0.3524281745580481
1.876655224338048
1.0537418466240722
1.5447557993065149
1.1214695468072464
0.11076658083109758
0.6935639163255325
-0.4986365430382057
1.4796243367505122
1.395893223239416
0.9158794231217019
-0.5976254964849675
-0.8018018207355542
0.05129696152800334
1.7789653882442122
1.0808093318027816
1.705246427367939
-0.43742320928548917
0.0033946429244182674
-0.31606697840587517
-0.9869957249672701
1.0
0.0
1.8713750529483466
-0.7435392407412986
0.3011564563659259
-0.756756722977105
1.3646679727847015
0.13689685798205875
-0.8979073702183668
0.7696477823981174
0.6866994946488989
-0.10495347046947279
0.24010148260018216
1.6039944541379128
0.31751447314355064
-0.22286192019306117
0.12524382127759415
1.5573768255007474
0.5254945733796397
-0.3180407478237428
0.44288738764769475
0.4394384775919332
0.1433429277378625
-0.5316643343362919
1.9980099631800143
1.9453696111348358
0.47328273164813073
1.8085330704214977
0.5934451948072631
-0.40247053455322623
-0.3063550456276639
-0.43536128152883247
-0.38513242835286443
0.7164764912140483
1.8495645923378876
0.6442904253603338
0.8250808677235635
1.0646442354245818
1.0
0.0
1.012335437791485
1.0050908015162285
1.6948135753022497
1.171660330885119
1.1874965820769363
1.9360921097728223
1.4113612232830586
1.1594818242045415
0.5273876701298295
1.6235689532191064
1.4213133320825924
1.2687031401004263
0.4501346157163466
-0.4554088233954925
1.7497292560625795
0.7632430670387943
-0.24332055072075054
1.3546807393856795
1.228906957024415
1.8761085969085936
0.5221288072765107
-0.4560522596076716
1.6048016257927515
1.663362753179216
-0.772021605744574
1.3246682966715604
-0.8903947351562886
0.31678045775953223
1.8194056980027673
0.31143972699052835
1.3476430862554833
-0.1093148776133519
0.3274924398532837
0.6055186241235558
-0.13150007168520428
1.255355317475177
1.0
0.0
1.3532795269540816
-0.07734648958071999
1.7866049709125953
1.3133288682820803
-0.15328593067782803
0.11274612199165268
-0.0826739093916049
0.17185506774480197
0.03240935250623311
0.22749704123674297
1.4456828890739137
0.43610614039551465
-0.3041382320917211
-0.4360632891419195
1.951506242313692
1.4086806440695123
1.1489707208056141
0.02315924315539819
1.0612908704969173
0.17837426134778334
1.6587551026910934
-0.9341649435590659
1.5421792854183343
-0.5856829673470948
0.6478136645924781
-0.5365932612959378
-0.4044423054832129
1.4182987749507319
-0.26879948728305314
-0.4902007569555653
-0.849504252918749
1.9257424500313696
-0.19426027686389158
-0.7549274525415326
-0.22627973988527428
0.9063186976487383
1.0
0.0
1.216542866222761
1.8545714917939942
-0.6692049996022296
1.9559773910941611
-0.09490938031991969
1.3600286704884037
0.724542878539216
-0.8055049173947371
-0.5922418139567718
1.7994175566716
0.27909720873742505
1.8797642620165558
-0.7316131871997646
-0.312113840269188
0.19025422154290483
1.0378869439030343
1.7912198090698666
1.0875983143808057
1.2651799057124427
-0.5988921147705796
-0.30010533132339945
0.36867699191896397
1.3059213099203109
0.24648044015674264
1.3573629119112511
1.3601686340330161
0.87234363176662
-0.08717129768149079
0.12253970988968632
1.0081559416235106
0.5267337414102613
1.4043611451334859
1.5415638497966362
0.4114104147393164
1.5747216977673393
-0.7772608431307874
1.0
0.0
0.35496477470591603
1.0567236655010528
0.798913818383616
-0.850936799396578
-0.6907014389876596
1.5953567905634118
1.9698645035860087
1.2104293487118776
0.8514495378811708
1.6400297652279594
1.4357504817194018
-0.6472197530544206
1.2931750310250254
0.49316358743764455
0.25987039816096613
0.47785758442936943
1.4436442114040346
1.7135220774480655
1.6846433416183673
1.4114920686829457
1.165394227633143
1.6608831017160877
-0.689594138876842
-0.7224937450389811
1.244256399091645
-0.15764256726672154
-0.8384582751764473
1.9549687895895596
1.0745483569748768
0.13763936309586644
1.1240463111482293
0.36901823815172063
-0.6192052803268154
0.8835689547256637
0.2327084492103676
0.9866093660457416
1.0
0.0
