-0.8980258330320429
0.614078948789232
0.351328006656335
1.3824504892996767
-0.01809230056847777
-0.5688437065745479
-0.08942321235283934
0.5502837257639027
1.0185280789842022
-0.7270623116242109
1.7485844091323886
4.6656092020666815
1.8994421182919783
1.8186034723671032
-0.6067637344938738
1.984336197348246
1.583399351057679
1.2340108013371298
-0.10928527118648956
-12.807963650462519
-24.740427546276724
-7.63267678322298
-5.204738383012015
-0.8395386111295143
-25.0
-9.388072954344416
0.651217631083628
1.0
0.5122138568431127
0.44657971662831764
-0.8907865855159377
1.7357400286360856
0.03616202898139953
0.8444586088777947
0.798286704267855
-0.7315227985086298
0.5644762094465093
-1.5651672145567335
0.27230608948793333
1.4370228789359962
1.9963201648064608
-0.9079154981217015
1.8708908807121332
0.1732550168978274
1.753403713904794
-0.9526433824167923
1.6253306934123615
1.7740590715993132
0.11151088012816646
-0.09362297494541827
1.0582060486312446
-20.805159670425915
-0.8919452685885211
4.701271965741897
0.5529417482047785
1.0
-0.6982105855694659
0.37339608110287126
0.15530231193470645
-0.569948119995494
-0.07804615914375457
0.0458752716996641
0.493196309530777
0.08616092045996482
1.5941994391127676
8.449013351366261
1.2454680155222313
0.5450760577578282
0.38916745578321643
-4.37651120134439
0.5941039753586306
-0.4480307088810612
1.9436961111999747
0.6825779915552269
-5.969330217728716
-0.9906765082771286
-0.19664635485512705
0.827979561987376
2.225086751529876
-0.8200461102865374
0.28419081090114906
9.873816571461516
-3.014291972383682
1.0
1.4640099483534739
0.22398127477521546
-0.2486025357662729
0.3581964136941458
1.1648909084724126
0.731966056967011
-0.5829627050250304
1.2060765373478284
1.7255486733130931
1.762827001733542
1.7020393747146718
1.0355733932458147
1.4995729470897383
1.7666861147516446
1.590088735449418
1.8358830888456164
-0.5133274143921688
1.9332534294544974
-0.19454026141671243
1.4780559582333943
0.7437240423597187
-0.4882251607576854
3.5126580743653584
-0.5983977675496206
1.3990768019961362
-0.43815738968246276
-14.84273425784357
1.0
-0.8145371679664207
-0.10402521051458824
0.40424293111423526
0.4956967594278956
-0.8543171721184128
2.086106881387638
0.3684182959065032
1.1212873273742932
1.1029277475004489
-0.9175728348002611
1.457598168981523
1.9877519309875606
0.3147821196126612
-1.0502020706060176
-0.2657498833630805
1.1612247308643147
4.125340696284713
-0.9916864832121537
1.8109534226158521
0.4721887900595314
0.2679657920658096
1.3178561891608118
0.07575675171013951
-0.975652414907584
-0.679306166570082
-7.457166442633719
-0.49678078010541005
1.0
1.2579028676885498
1.3898837205512962
1.2333836476773428
0.09972480637820769
0.905287502239083
-0.39751327487325194
-0.24727656716811697
-0.2642878178896728
1.7826607899177138
0.7117290675720983
1.600252303727283
1.4263461763369891
1.1168984488353098
-14.649850906515496
1.4181456738593807
1.1402799774293872
1.6910450090445757
0.3150740582332844
-0.9124562475959624
0.28138931591306326
0.620782536345008
-0.08877716198651564
1.4398282556203306
1.2083676962324257
0.10799186890127677
-3.275166642922577
0.7298495070837556
1.0
0.5782911461417639
0.17698389760668398
-0.8671665327695615
1.3434718191913266
-0.48127116658919256
-0.18089831067069106
0.1233745285222938
-0.9762684802521087
0.47199926823094174
1.863555000600969
-0.4685089491566561
-0.0917288546972056
1.818514182743454
-0.11202058260416037
1.164801875687704
-0.8414705664902777
2.009811780606019
1.6389316198624928
1.626204111963979
0.4771892453825536
0.3414514030381629
1.4539782145304305
-0.6931966090860677
1.911692120334251
1.2936224410460024
14.774673309379983
-0.223200779991238
1.0
0.6607522336203454
0.08708172957629612
1.7058029341047658
0.868833920874134
-0.5939862373564057
1.650185189222907
0.5880043010556569
-0.9688598998749108
-0.057553065382138335
0.2553581821632701
0.2667387044956381
0.20171703797538032
0.38153614607893704
1.2734279299065379
0.21208881460507434
1.1677348777812921
-2.003002126398297
1.2306452449482967
-0.5294452912515368
0.21244528465495194
0.5549834949573335
-0.6429639760014565
-0.06750679321447095
-0.36852160139316525
-0.8846331784976516
-0.7018841938600126
1.3229907582681908
1.0
-0.27370438102874883
-0.5010856372838915
-0.4388730669073335
-0.15473139254713264
0.13177299588461
1.5395575505677872
-0.6388789425453409
-0.016055546651772445
1.5600070999665234
1.9029431867208653
0.30155271051265153
0.08433950307824656
-0.25545623378499493
-0.2191272495862504
-0.6529183727199331
0.37197572784243826
-0.0990113530847978
1.6668423021119296
-0.9398375039207992
0.013531000991375386
0.16740348456356924
-0.11179892518577683
2.4128199012680214
1.456839838799452
-0.2924167009058508
3.9476921527766975
1.4848963691990296
1.0
