5.248474358024841
-0.8303732683224396
-4.327965469064779
3.713209892764356
-1.2419927682466905
-2.6643537687875076
-3.517851886161192
-0.4506239405446293
-2.4076358524576484
-4.3521061790563085
3.3274235535223595
2.4990107173698988
-4.202438479395784
-1.900703191330221
-4.59462599258888
2.343607610236676
-3.230602572059477
3.0757533352183826
-1.6695229476199165
4.231257164547911
-3.0307069969352765
-1.014874213544239
-1.9207397343362584
1.2855211885083064
-0.453125805061534
3.805092684141796
4.33807330880731
-2.665744949374275
4.325519636170991
-0.6200070722890287
-2.7984569336622878
-3.174803726076541
5.797326477146786
-1.8948760584476592
-2.2188769057732998
2.7754903253547676
1.0
0.0
-0.34121334490773203
-3.4948865343806848
5.329147695385735
-2.570719121501474
5.1363002042632315
-4.57524366435689
5.843873756332369
5.2113949979782
0.9136092589907753
2.6748641787188143
-3.0969727227976582
5.376162636900591
0.48446164262859526
-2.9396666678652474
3.439140458893804
4.951054726661208
-4.714015271154494
3.5869952858526615
-3.360451897065335
1.5770946625953433
-3.0387644207616544
-1.7262186468810392
-1.1871524681512313
3.8439324377311825
-1.098898073138031
2.6958358784681695
-4.7815628069377585
-3.2068519571282925
0.8424802812536628
4.213131111801667
-0.7905148397986753
3.403226274921231
-3.0524039030288823
5.203887041922661
3.442002917045058
-3.764070951092859
1.0
0.0
-2.4363403767576695
-2.125673912181937
-0.10726241080031151
5.52161572834554
0.56601935448605
1.3277093952526688
1.1585619420407893
-0.050472636561616935
-3.1717605168334866
3.5453684419168088
4.817443330190039
4.69269313839758
1.7458100919763155
-2.456469634164091
-1.3975101908617948
0.7003246455766545
5.961433444804513
2.7226092292899455
-0.9078885521463873
4.770318176539834
5.94596618289613
3.349460781740684
3.604470558098023
-2.1236450068313912
-3.18617008942003
-4.429707319725926
-0.4336168565945988
5.710726731578258
2.524760757666361
-2.772505451662893
5.580689329885417
0.6954749563022451
1.7792613686085736
4.533027723935338
5.7885662936673405
1.7756260499494703
1.0
0.0
-1.042640747512005
1.6050540160741709
-1.3811103197332397
-3.246998331205926
0.12414662049725878
4.3615771003955235
1.931488493700031
0.7953065033198566
-0.18046975280780098
-4.754132218999933
-0.17774108511554676
-4.730326225331173
-0.9954671567608692
3.515327981993426
-4.672522794598815
4.663003206684422
-1.8408890264584938
-1.390727272522959
-3.232723465046964
1.2227333894368289
4.857297208091363
3.7828416200076105
0.41820833563688364
-2.86500651115482
5.02916744490959
1.493037163807596
1.8835004852514619
0.32952372099026117
-0.6040821109016397
3.6289104076778065
-0.36005988627671115
4.113269485070863
3.176055898215343
-4.411864446779199
2.9958017278761107
2.3343413673051914
1.0
0.0
4.851731730936263
3.606160568460301
2.777145935192685
2.677551941038068
0.132221117116748
-3.990670769043144
-1.8046626490340447
-2.3726453810131107
2.6400702038648753
-1.6458877374183523
4.483882094461556
-2.4916013770392893
2.361109756304062
-0.5275856189220939
3.8006113899973917
4.306025745962747
0.10470420245395529
5.7907019408827285
-3.434876156215431
5.4360990389928
-2.113970964841303
-0.36137361942315205
-3.1160310444546737
3.140903706495455
-1.8567676577001637
1.755720430204045
-2.1326678588903896
-4.370708358595941
1.215148827357061
-4.692961505552948
-1.0499483056819447
-1.5400390227033043
-0.31535421500585104
5.54334987425446
0.1923370271313487
2.390029134750013
1.0
0.0
-0.9806274898989197
-3.004088199553194
-4.774337073744308
-2.172280825069831
2.244328022192739
0.6147776412519996
5.01264225414956
3.6837467908579367
-3.8473064236763417
-4.710217460924934
4.498391264938019
-2.778873326882719
3.3765122603032918
-4.016028317531742
4.841499607353731
-2.1556533337000783
0.8968648097854419
0.46699622476355607
3.955944967157514
5.408278087722595
2.8474216330753723
4.010693136381415
1.1624845341166985
5.688341041412505
5.862244074431938
4.806557783476407
-4.241286669660048
-4.185030416350938
-2.709760882843378
0.08861806911539138
-3.7527677934615906
5.031430341440543
1.9501922619345686
5.816571015305421
5.567894827291307
0.9168022977426966
1.0
0.0
1.2430818365075034
-4.633897759630405
4.7001099622008295
0.2546751577109113
1.9293246025097064
-2.278749062658579
3.898778494256329
5.450815590933802
-0.6320838177415231
-3.1575318213767387
5.147700545113721
0.43126714653898546
3.081954446665045
-1.339259875708611
0.565282868735974
-0.8061563101393868
-4.791879863901009
-1.231655190765264
0.2531360076522303
5.444883361630361
-3.228914246391424
3.485602430667326
3.485973807423721
-2.400424785351957
1.9850718125530893
-0.37893804141587184
1.8808301842760677
4.917868045920587
1.5544928740435435
4.199044382493282
-2.0084264164364485
3.9101529784648448
3.6099421347752365
2.760246774197182
-2.168660658256255
-3.0538869662214516
1.0
0.0
-0.0034509216209539506
5.864357053744551
1.5162317266249878
-0.8919764575059653
2.339094381442496
4.180321293604226
4.921642915188752
4.16162178320305
4.35243358316352
1.0277188034164655
-3.2766906855858737
-1.9508440899730073
1.6306100953746703
4.809070877047219
-2.1103316453395102
-0.5516440050453867
-0.6917978923091558
5.615403916966088
-2.2233048284335237
-0.6825773003067883
2.210844566682329
-0.6012496159120787
2.0212226082283595
0.5685393474018836
4.517857362998769
2.636444838145284
2.9759773220413583
5.331045821919921
3.3051785407464433
-2.6933007195164542
-2.6132889201232308
-4.986211043859223
0.32394125748079805
-3.096661515086467
-3.677363188231979
2.5601641270529645
1.0
0.0
2.8208241428259844
-2.8254112414636605
0.9705017142078014
-2.705185146541396
-4.105105418887256
-0.31472590343583884
-0.45201565953143874
-0.2960194048514524
5.733558883234194
-3.491412936449365
-1.4888695261122902
3.103797322082583
-4.176576693888917
4.893287809634119
2.3629788955068234
-4.535354775127542
-4.72852424059294
0.8662463798439516
-4.877750303488831
4.8492137720762365
3.0896644522244148
2.47809362972145
2.590317820208031
-0.6458569689434408
1.1035234231059996
5.204086667060782
-1.8586941648269533
3.8458294878949713
2.6448622988988806
-0.7231668192462974
0.44495295656859646
-2.965745219301227
5.080496600090828
-3.252219891551521
2.9089300194358576
2.6215088222904726
1.0
0.0
