1.22880802766006
-1.5426905982566916
-4.01041463131345
-5.098515240083052
-5.072534035909017
0.9040489425331066
-1.85854358332031
-2.387977112090437
-12.39963782996043
-3.9660828802883574
-1.7558711713029624
1.5102518969188279
-1.1608199097357814
-3.9058184382327674
-4.106514546257255
-3.1672640153931675
-7.657737298924221
-4.618137233985305
1.0
-18.116036363085072
-1.4851580430531837
1.7100155539884585
0.21814038104390332
0.31727113961988496
-7.159083405158698
1.1777935136178876
3.9085605499351823
-0.6141436053181983
-1.1767058605815928
0.004139540856114898
-2.8763416840982385
-1.2328276526110815
2.396013662146732
0.5235188653875369
-3.794834939421809
5.074970517508251
0.10100380135325526
1.0
-0.5370977790521035
2.0377132028609433
-0.6097286076471921
0.12698197030769154
-0.20698870899128952
0.9189585627712669
1.0460222920911129
0.3391609878341624
-0.5862905513753585
0.44517788887420195
-0.8525487793792784
-0.08806533980139286
-0.12159235873298835
1.7707155968477766
-1.0591124963561263
-0.964095613434132
-0.906137726163736
0.6864383078725854
1.0
0.7154666547893767
1.2509068749953014
1.8533836030332242
0.5622858788737087
1.5726392286969701
-1.6567236326878865
1.4119412408982641
0.6452786560639963
0.9970235017765862
0.6664550451200535
-0.2566854227069537
-0.12579566481927695
-0.47131622100466897
0.528516071529555
0.2773917476011025
-1.2143453432925526
-0.9407116826822159
-0.19689537067415053
1.0
0.9349564996464785
-0.8544952051419954
0.6822548465179155
1.021161432963026
1.0574115681896168
2.3484286420804654
2.032540096213444
0.8543370556226286
0.24988980116127757
-0.20729370963220417
-0.7113631043812998
0.9773006612768356
-0.45802636615163717
1.086872549732869
-0.21075546355035357
-0.7238264157593665
-2.2068523963793907
0.19113242863000357
1.0
-0.8633771231466735
1.4725192415702977
0.6658447470018807
1.7631315663525235
-0.5178891831262527
-1.6795386883598857
-0.4489525475083441
0.3123642611416716
-0.7073357954730277
-1.6913404746362
-0.7343740861754262
-6.572663188649175
-0.9091739767323466
-2.2034366494316635
-0.9450194024845796
4.5424135671582215
5.593223138680917
-0.8604264888327184
1.0
-0.5557261322377991
2.964041373520999
0.5454478675943607
-0.06963260990721953
0.7253833970696
6.683178684287167
0.09295691808113127
-0.6850076309932168
-0.855385654336037
0.3174275921811689
-1.1317543586474605
-0.5943391021997724
-0.9958494626069567
0.7940480596399525
0.31655179418933355
0.09582604259821803
-2.039723946127293
-1.9098886335092289
1.0
0.8706931326560851
-3.5914442940628595
0.8454903026566791
0.6162154715272363
-0.09939106585245705
-0.1756709402620391
-0.48462056530048025
1.4660157236572782
-0.5837820628066855
-0.9455741865177062
0.1444413086936106
-0.7731088048595798
1.1397166141272235
1.300666796599202
-1.2990757500121366
-0.9910069837008932
-0.24016200383428754
-0.4406391263732987
1.0
-0.12196840446938217
1.927726191761272
0.8797397747361237
-0.7555393315415543
1.277593989610536
0.09227350812372082
0.02254549521674798
0.4889654032603553
1.9171755860502193
0.4663295423427476
0.22440529961736644
0.9318574659998555
-1.2339719090502597
3.028792665000238
-0.18727679722838053
0.7014371483486295
-2.3027060216260224
0.9484219845140256
1.0
